0.349
0.901
0.999
0.593
0.950
0.596
0.347
0.592
0.135
0.860
0.713
0.549
0.335
0.825
0.273
0.602
0.049
0.346
0.690
0.712
0.119
0.991
0.621
0.797
0.552
0.336
0.704
0.136
0.527
0.178
0.414
0.536
0.592
0.955
0.259
0.608
0.625
0.332
0.623
0.584
0.101
0.301
0.420
0.710
0.594
0.513
0.497
0.333
0.006
0.206
0.082
0.362
0.240
0.133
0.851
0.544
0.403
0.248
0.393
0.511
0.587
0.712
0.546
0.997
0.998
0.873
0.283
0.988
0.051
0.445
0.238
0.095
0.653
0.237
0.453
0.456
0.643
0.853
0.351
0.472
0.797
0.640
0.026
0.666
0.683
0.238
0.476
0.233
0.168
0.718
0.284
0.384
0.645
0.078
0.850
0.630
0.597
0.711
0.776
0.313
0.856
0.585
0.688
0.173
0.325
0.433
0.047
0.289
0.532
0.019
0.157
0.660
0.978
0.411
0.335
0.952
0.250
0.790
0.879
0.473
0.901
0.666
0.998
0.030
0.535
0.952
0.389
0.828
0.738
0.266
0.178
0.236
0.923
0.322
0.220
0.981
0.961
0.994
0.753
0.388
0.908
0.935
0.030
0.576
0.773
0.191
0.756
0.783
0.876
0.125
0.417
0.862
0.004
0.622
0.551
0.419
0.406
0.630
0.440
0.507
0.607
0.318
0.642
0.914
0.494
0.063
0.802
0.325
0.434
0.811
0.854
0.882
0.207
0.226
0.984
0.937
0.775
0.605
0.030
0.684
0.020
0.016
0.930
0.523
0.179
0.789
0.209
0.905
0.171
0.545
0.685
0.076
0.342
0.081
0.653
0.068
0.493
0.402
0.324
0.667
0.798
0.442
0.932
0.669
0.949
0.146
0.388
0.306
0.097
0.394
0.794
0.700
0.232
0.992
0.875
0.203
0.973
0.650
0.384
0.220
0.391
0.084
0.291
0.551
0.461
0.089
0.159
0.838
0.807
0.958
0.801
0.218
0.945
0.758
0.855
0.619
0.293
0.668
0.674
0.287
0.170
0.763
0.238
0.932
0.157
0.555
0.292
0.277
0.736
0.551
0.002
0.913
0.174
0.409
0.437
0.274
0.951
0.070
0.631
0.115
0.796
0.268
0.630
0.659
0.609
0.967
0.134
0.486
0.997
0.114
0.323
0.456
0.033
0.036
0.676
0.610
0.773
0.508
0.215
0.289
0.842
0.635
0.850
0.688
0.956
0.518
0.849
0.233
0.750
0.210
0.434
0.987
0.822
0.827
0.430
0.839
0.069
0.502
0.913
0.474
0.951
0.622
0.689
0.174
0.671
0.505
0.728
0.046
0.836
0.115
0.004
0.685
0.167
0.747
0.003
0.674
0.704
0.021
0.670
0.339
0.328
0.852
0.397
0.159
0.353
0.279
0.002
0.174
0.144
0.104
0.863
0.076
0.110
0.941
0.884
0.611
0.045
0.661
0.900
0.712
0.065
0.451
0.375
0.877
0.904
0.907
0.925
0.571
0.082
0.771
0.610
0.893
0.728
0.732
0.980
0.577
0.576
0.687
0.078
0.044
0.385
0.532
0.013
0.175
0.447
0.201
0.405
0.021
0.062
0.143
0.288
0.086
0.501
0.078
0.584
0.648
0.278
0.438
0.388
0.692
0.986
0.149
0.483
0.103
0.392
0.595
0.015
0.282
0.312
0.989
0.219
0.083
0.819
0.667
0.192
0.604
0.071
0.268
0.286
0.456
0.063
0.681
0.611
0.509
0.382
0.407
0.598
0.324
0.304
0.662
0.999
0.827
0.979
0.911
0.176
0.505
0.870
0.753
0.747
0.617
0.851
0.762
0.720
0.284
0.789
0.909
0.236
0.687
0.134
0.443
0.826
0.351
0.876
0.419
0.134
0.801
0.077
0.415
0.647
0.564
0.667
0.731
0.936
0.061
0.311
0.944
0.644
0.480
0.135
0.847
0.088
0.965
0.576
0.072
0.267
0.601
0.058
0.882
0.189
0.081
0.691
0.131
0.244
0.823
0.629
0.129
0.044
0.911
0.352
0.003
0.076
0.815
0.422
0.153
0.860
0.250
0.058
0.806
0.883
0.542
0.738
0.960
0.885
0.737
0.712
0.128
0.866
0.932
0.391
0.635
0.603
0.415
0.151
0.080
0.200
0.407
0.022
0.147
0.466
0.671
0.768
0.124
0.493
0.097
0.454
0.568
0.043
0.948
0.768
0.332
0.968
0.916
0.179
0.211
0.627
0.861
0.581
0.497
0.855
0.418
0.053
0.219
0.360
0.278
0.127
0.749
0.301
0.324
0.537
0.919
0.706
0.118
0.616
0.554
0.340
0.690
0.844
0.276
0.800
0.134
0.740
0.992
0.659
0.946
0.219
0.112
0.432
0.372
0.935
0.296
0.908
0.021
0.936
0.231
0.725
0.691
0.263
0.840
0.728
0.505
0.792
0.450
0.661
0.088
0.027
0.151
0.096
0.665
0.600
0.042
0.252
0.953
0.087
0.974
0.130
0.457
0.367
0.493
0.429
0.711
0.322
0.759
0.109
0.401
0.659
0.664
0.342
0.274
0.858
0.672
0.650
0.329
0.453
0.686
0.662
0.122
0.182
0.253
0.017
0.963
0.534
0.398
0.479
0.733
0.734
0.998
0.384
0.052
0.162
0.073
0.159
0.006
0.191
0.158
0.269
0.045
0.344
0.788
0.087
0.711
0.976
0.564
0.928
0.523
0.402
0.397
0.308
0.190
0.343
0.927
0.716
0.000
0.008
0.585
0.833
0.888
0.521
0.205
0.592
0.301
0.054
0.015
0.404
0.895
0.576
0.517
0.010
0.604
0.898
0.438
0.898
0.009
0.710
0.210
0.008
0.651
0.603
0.663
0.771
0.526
0.040
0.340
0.300
0.600
0.753
0.982
0.266
0.495
0.318
0.482
0.342
0.692
0.548
0.159
0.460
0.896
0.050
0.627
0.704
0.275
0.643
0.486
0.566
0.372
0.718
0.964
0.986
0.860
0.375
0.445
0.974
0.503
0.382
0.025
0.492
0.442
0.963
0.344
0.011
0.736
0.621
0.847
0.747
0.738
0.210
0.811
0.598
0.479
0.603
0.874
0.533
0.427
0.350
0.255
0.503
0.423
0.648
0.640
0.596
0.699
0.379
0.901
0.735
0.339
0.892
0.670
0.503
0.470
0.317
0.776
0.655
0.576
0.459
0.626
0.031
0.648
0.105
0.482
0.569
0.144
0.469
0.393
0.989
0.425
0.375
0.118
0.556
0.715
0.507
0.103
0.687
0.925
0.924
0.945
0.432
0.195
0.731
0.099
0.426
0.884
0.643
0.575
0.243
0.349
0.386
0.947
0.240
0.379
0.244
0.962
0.226
0.279
0.284
0.576
0.593
0.251
0.320
0.670
0.965
0.482
0.631
0.213
0.202
0.145
0.594
0.785
0.396
0.644
0.916
0.510
0.857
0.520
0.590
0.257
0.591
0.027
0.357
0.719
0.440
0.402
0.653
0.633
0.708
0.676
0.733
0.566
0.725
0.263
0.150
0.701
0.149
0.838
0.736
0.923
0.995
0.455
0.050
0.691
0.249
0.723
0.901
0.180
0.597
0.163
0.067
0.314
0.659
0.631
0.472
0.593
0.424
0.486
0.630
0.053
0.598
0.318
0.151
0.994
0.047
0.959
0.356
0.233
0.436
0.210
0.939
0.638
0.389
0.363
0.166
0.971
0.286
0.549
0.093
0.635
0.490
0.269
0.510
0.814
0.653
0.237
0.681
0.471
0.272
0.496
0.774
0.145
0.277
0.048
0.725
0.510
0.050
0.540
0.200
0.891
0.516
0.884
0.765
0.674
0.442
0.421
0.806
0.605
0.297
0.428
0.217
0.867
0.326
0.407
0.274
0.007
0.240
0.445
0.980
0.678
0.690
0.427
0.385
0.988
0.076
0.661
0.782
0.931
0.163
0.246
0.639
0.386
0.648
0.777
0.154
0.967
0.209
0.202
0.414
0.240
0.785
0.063
0.344
0.758
0.684
0.439
0.649
0.019
0.154
0.189
0.710
0.567
0.810
0.721
0.135
0.686
0.275
0.206
0.188
0.206
0.275
0.022
0.393
0.391
0.098
0.447
0.432
0.723
0.663
0.689
0.616
0.036
0.339
0.298
0.419
0.024
0.953
0.423
0.615
0.525
0.859
0.262
0.952
0.901
0.435
0.336
0.664
0.808
0.137
0.257
0.771
0.731
0.453
0.215
0.035
0.565
0.934
0.522
0.345
0.446
0.574
0.456
0.407
0.469
0.904
0.699
0.353
0.191
0.148
0.368
0.823
0.382
0.438
0.321
0.850
0.576
0.723
0.699
0.358
0.065
0.899
0.103
0.084
0.065
0.064
0.480
0.968
0.733
0.654
0.565
0.444
0.971
0.079
0.062
0.906
0.897
0.407
0.460
0.691
0.530
0.049
0.798
0.376
0.974
0.365
0.141
0.063
0.056
0.840
0.658
0.796
0.867
0.873
0.205
0.181
0.095
0.628
0.295
0.060
0.518
0.399
0.610
0.251
0.260
0.633
0.717
0.630
0.576
0.660
0.485
0.598
0.278
0.051
0.878
0.656
0.627
0.271
0.625
0.416
0.734
0.174
0.718
0.996
0.281
0.357
0.194
0.475
0.276
0.086
0.651
0.175
0.040
0.178
0.477
0.987
0.412
0.751
0.276
0.550
0.006
0.351
0.782
0.918
0.248
0.757
0.811
0.823
0.467
0.444
0.699
0.117
0.135
0.024
0.305
0.250
0.620
0.114
0.589
0.323
0.415
0.186
0.013
0.419
0.983
0.891
0.804
0.987
0.061
0.332
0.538
0.563
0.789
0.915
0.273
0.419
0.136
0.554
0.925
0.738
0.383
0.552
0.773
0.946
0.018
0.639
0.029
0.963
0.382
0.652
0.870
0.375
0.727
0.235
0.719
0.631
0.063
0.206
0.397
0.628
0.310
0.683
0.226
0.944
0.840
0.746
0.255
0.835
0.317
0.183
0.879
0.106
0.479
0.816
0.841
0.180
0.869
0.818
0.864
0.225
0.439
0.507
0.996
0.916
0.381
0.310
0.690
0.553
0.382
0.166
0.004
0.851
0.717
0.660
0.701
0.081
0.945
0.113
0.620
0.204
0.294
0.402
0.491
0.936
0.536
0.904
0.459
0.615
0.561
0.572
0.241
0.980
0.289
0.499
0.450
0.567
0.490
0.582
0.057
0.521
0.066
0.443
0.552
0.421
0.302
0.411
0.770
0.584
0.533
0.041
0.516
0.548
0.731
0.884
0.616
0.204
0.817
0.774
0.167
0.087
0.700
0.705
0.678
0.308
0.210
0.286
0.963
0.300
0.429
0.160
0.232
0.824
0.838
0.052
0.218
0.662
0.222
0.778
0.723
0.900
0.446
0.532
0.422
0.635
0.034
0.898
0.540
0.962
0.738
0.803
0.995
0.099
0.057
0.239
0.932
0.753
0.526
0.892
0.264
0.975
0.380
0.222
0.440
0.490
0.276
0.992
0.342
0.476
0.547
0.532
0.266
0.725
0.988
0.258
0.357
0.297
0.261
0.237
0.264
0.501
0.476
0.327
0.300
0.727
0.093
0.098
0.629
0.298
0.423
0.930
0.339
0.859
0.991
0.455
0.853
0.987
0.874
0.816
0.599
0.207
0.318
0.011
0.787
0.420
0.138
0.046
0.572
0.888
0.796
0.868
0.007
0.164
0.897
0.101
0.280
0.280
0.874
0.341
0.877
0.484
0.137
0.699
0.493
0.075
0.244
0.332
0.002
0.475
0.249
0.182
0.217
0.808
0.039
0.846
0.075
0.177
0.172
0.964
0.190
0.545
0.372
0.240
0.640
0.835
0.684
0.882
0.027
0.430
0.606
0.453
0.127
0.911
0.999
0.999
0.788
0.527
0.555
0.487
0.980
0.490
0.556
0.978
0.382
0.820
0.304
0.157
0.708
0.221
0.509
0.271
0.192
0.317
0.259
0.297
0.790
0.777
0.013
0.898
0.864
0.404
0.510
0.809
0.160
0.735
0.491
0.242
0.998
0.002
0.877
0.570
0.948
0.749
0.703
0.849
0.606
0.089
0.415
0.027
0.470
0.021
0.844
0.350
0.683
0.491
0.952
0.728
0.814
0.927
0.812
0.791
0.970
0.897
0.297
0.321
0.562
0.047
0.544
0.993
0.413
0.411
0.452
0.665
0.246
0.413
0.384
0.281
0.452
0.078
0.620
0.650
0.780
0.369
0.946
0.237
0.435
0.956
0.607
0.410
0.117
0.399
0.928
0.056
0.401
0.621
0.385
0.268
0.025
0.874
0.277
0.063
0.547
0.313
0.624
0.231
0.559
0.363
0.412
0.554
0.899
0.068
0.637
0.039
0.241
0.681
0.408
0.949
0.700
0.154
0.837
0.267
0.455
0.038
0.363
0.012
0.723
0.516
0.012
0.117
0.433
0.182
0.505
0.630
0.371
0.260
0.602
0.645
0.511
0.947
0.527
0.587
0.219
0.273
0.766
0.635
0.953
0.942
0.123
0.206
0.198
0.003
0.402
0.468
0.355
0.280
0.064
0.704
0.464
0.569
0.614
0.888
0.381
0.264
0.922
0.138
0.107
0.528
0.064
0.992
0.416
0.391
0.902
0.288
0.113
0.907
0.188
0.724
0.629
0.448
0.538
0.393
0.371
0.902
0.033
0.247
0.236
0.759
0.064
0.090
0.234
0.749
0.935
0.614
0.432
0.174
0.214
0.347
0.478
0.158
0.802
0.143
0.383
0.483
0.324
0.461
0.864
0.746
0.508
0.764
0.587
0.265
0.546
0.801
0.045
0.257
0.147
0.477
0.914
0.873
0.699
0.069
0.092
0.739
0.965
0.183
0.995
0.054
0.630
0.806
0.736
0.687
0.864
0.280
0.798
0.783
0.683
0.021
0.300
0.975
0.557
0.176
0.241
0.983
0.389
0.470
0.759
0.538
0.294
0.818
0.959
0.345
0.042
0.630
0.822
0.049
0.040
0.532
0.736
0.606
0.793
0.023
0.245
0.455
0.506
0.121
0.866
0.251
0.416
0.701
0.244
0.195
0.547
0.926
0.641
0.772
0.547
0.985
0.858
0.758
0.434
0.914
0.942
0.116
0.077
0.744
0.053
0.547
0.854
0.504
0.828
0.793
0.223
0.431
0.153
0.740
0.207
0.390
0.088
0.890
0.390
0.075
0.447
0.441
0.985
0.500
0.387
0.718
0.955
0.359
0.841
0.125
0.112
0.367
0.722
0.470
0.065
0.934
0.028
0.153
0.056
0.843
0.854
0.956
0.543
0.820
0.976
0.684
0.574
0.013
0.858
0.060
0.497
0.699
0.167
0.810
0.271
0.140
0.239
0.812
0.072
0.650
0.966
0.750
0.723
0.955
0.382
0.013
0.530
0.872
0.122
0.446
0.262
0.993
0.409
0.237
0.080
0.122
0.631
0.383
0.701
0.984
0.752
0.659
0.612
0.462
0.964
0.004
0.509
0.737
0.215
0.765
0.596
0.788
0.871
0.568
0.934
0.514
0.363
0.404
0.931
0.654
0.732
0.065
0.018
0.791
0.603
0.897
0.893
0.871
0.095
0.547
0.076
0.808
0.003
0.971
0.853
0.732
0.702
0.801
0.015
0.029
0.923
0.646
0.381
0.557
0.840
0.591
0.047
0.586
0.744
0.374
0.554
0.408
0.788
0.377
0.694
0.649
0.126
0.975
0.827
0.317
0.750
0.893
0.756
0.861
0.191
0.090
0.340
0.709
0.157
0.869
0.548
0.663
0.786
0.325
0.415
0.102
0.047
0.548
0.389
0.856
0.693
0.874
0.552
0.281
0.472
0.515
0.796
0.871
0.759
0.023
0.557
0.823
0.461
0.335
0.577
0.654
0.306
0.444
0.794
0.026
0.275
0.141
0.533
0.048
0.875
0.738
0.831
0.911
0.211
0.802
0.164
0.481
0.931
0.855
0.137
0.855
0.827
0.063
0.112
0.337
0.237
0.223
0.372
0.007
0.521
0.671
0.358
0.099
0.914
0.677
0.824
0.269
0.585
0.031
0.166
0.403
0.806
0.305
0.777
0.796
0.950
0.581
0.941
0.584
0.157
0.746
0.509
0.707
0.082
0.577
0.522
0.729
0.151
0.713
0.859
0.316
0.192
0.249
0.537
0.268
0.449
0.899
0.254
0.328
0.295
0.416
0.149
0.708
0.215
0.617
0.678
0.151
0.586
0.008
0.538
0.838
0.270
0.583
0.286
0.542
0.453
0.267
0.054
0.498
0.623
0.103
0.347
0.340
0.771
0.959
0.113
0.918
0.867
0.711
0.673
0.072
0.911
0.804
0.492
0.924
0.782
0.370
0.377
0.168
0.983
0.245
0.887
0.920
0.251
0.139
0.081
0.471
0.275
0.143
0.441
0.328
0.451
0.781
0.770
0.763
0.943
0.721
0.974
0.012
0.556
0.722
0.370
0.699
0.002
0.674
0.730
0.637
0.886
0.313
0.545
0.961
0.750
0.564
0.472
0.282
0.735
0.674
0.850
0.012
0.510
0.257
0.651
0.747
0.586
0.809
0.231
0.714
0.086
0.901
0.009
0.500
0.707
0.844
0.075
0.361
0.986
0.695
0.678
0.849
0.896
0.423
0.246
0.858
0.783
0.166
0.350
0.919
0.687
0.116
0.579
0.662
0.161
0.309
0.904
0.318
0.093
0.907
0.249
0.266
0.721
0.023
0.148
0.414
0.939
0.605
0.562
0.744
0.647
0.553
0.603
0.031
0.602
0.060
0.515
0.110
0.726
0.778
0.198
0.124
0.775
0.759
0.882
0.788
0.937
0.463
0.107
0.843
0.211
0.059
0.963
0.884
0.391
0.511
0.428
0.526
0.334
0.803
0.248
0.648
0.501
0.170
0.096
0.570
0.171
0.800
0.932
0.119
0.630
0.288
0.630
0.747
0.214
0.280
0.413
0.824
0.578
0.507
0.695
0.605
0.706
0.671
0.720
0.292
0.842
0.021
0.058
0.795
0.497
0.309
0.148
0.542
0.666
0.133
0.227
0.891
0.362
0.620
0.114
0.732
0.481
0.564
0.454
0.418
0.812
0.802
0.415
0.154
0.285
0.724
0.090
0.834
0.601
0.622
0.085
0.681
0.921
0.558
0.424
0.218
0.632
0.036
0.921
0.368
0.879
0.461
0.614
0.228
0.983
0.565
0.856
0.319
0.524
0.879
0.246
0.551
0.641
0.290
0.643
0.125
0.341
0.111
0.189
0.108
0.198
0.621
0.351
0.504
0.848
0.058
0.265
0.814
0.606
0.079
0.548
0.655
0.394
0.463
0.563
0.010
0.677
0.919
0.574
0.757
0.779
0.185
0.967
0.243
0.210
0.750
0.413
0.631
0.795
0.313
0.644
0.805
0.354
0.448
0.961
0.122
0.178
0.447
0.266
0.306
0.335
0.959
0.217
0.548
0.915
0.555
0.783
0.958
0.549
0.695
0.402
0.014
0.572
0.053
0.676
0.826
0.270
0.624
0.398
0.852
0.345
0.056
0.793
0.726
0.681
0.124
0.036
0.608
0.381
0.072
0.187
0.688
0.505
0.632
0.654
0.660
0.915
0.793
0.779
0.994
0.696
0.192
0.323
0.772
0.375
0.182
0.913
0.945
0.685
0.801
0.506
0.562
0.911
0.784
0.884
0.651
0.772
0.157
0.949
0.461
0.598
0.686
0.284
0.619
0.036
0.351
0.936
0.986
0.093
0.610
0.456
0.461
0.835
0.008
0.327
0.407
0.212
0.920
0.871
0.612
0.558
0.817
0.541
0.146
0.745
0.926
0.802
0.201
0.562
0.978
0.520
0.315
0.089
0.446
0.121
0.129
0.851
0.317
0.328
0.247
0.288
0.060
0.322
0.996
0.505
0.962
0.249
0.426
0.110
0.243
0.584
0.339
0.031
0.123
0.619
0.090
0.682
0.389
0.897
0.751
0.575
0.111
0.160
0.452
0.887
0.904
0.574
0.098
0.530
0.831
0.567
0.471
0.043
0.864
0.727
0.736
0.872
0.325
0.001
0.816
0.954
0.063
0.684
0.952
0.689
0.138
0.034
0.215
0.598
0.363
0.510
0.892
0.963
0.589
0.290
0.779
0.453
0.894
0.375
0.400
0.278
0.090
0.991
0.227
0.970
0.705
0.984
0.250
0.038
0.107
0.117
0.299
0.928
0.886
0.976
0.923
0.659
0.655
0.491
0.055
0.819
0.005
0.196
0.434
0.633
0.627
0.605
0.544
0.480
0.359
0.060
0.239
0.818
0.042
0.828
0.443
0.074
0.415
0.507
0.411
0.649
0.857
0.766
0.201
0.778
0.719
0.841
0.487
0.215
0.370
0.052
0.568
0.784
0.182
0.902
0.575
0.443
0.179
0.643
0.273
0.024
0.332
0.573
0.797
0.069
0.559
0.672
0.057
0.534
0.605
0.717
0.044
0.882
0.359
0.692
0.081
0.263
0.532
0.626
0.275
0.624
0.131
0.832
0.997
0.832
0.222
0.699
0.659
0.064
0.383
0.880
0.829
0.279
0.581
0.215
0.925
0.675
0.435
0.054
0.739
0.008
0.163
0.729
0.313
0.208
0.430
0.520
0.929
0.628
0.446
0.987
0.392
0.783
0.428
0.417
0.540
0.677
0.839
0.851
0.671
0.207
0.096
0.074
0.844
0.604
0.801
0.523
0.959
0.418
0.175
0.262
0.135
0.192
0.782
0.502
0.722
0.860
0.658
0.853
0.133
0.347
0.119
0.347
0.128
0.914
0.992
0.751
0.492
0.586
0.657
0.525
0.988
0.567
0.929
0.394
0.888
0.458
0.517
0.827
0.999
0.264
0.862
0.185
0.150
0.739
0.387
0.924
0.372
0.410
0.289
0.112
0.133
0.227
0.035
0.119
0.516
0.757
0.958
0.698
0.615
0.973
0.591
0.857
0.192
0.584
0.290
0.480
0.042
0.171
0.319
0.272
0.234
0.100
0.278
0.195
0.604
0.930
0.923
0.957
0.209
0.488
0.753
0.583
0.310
0.565
0.271
0.274
0.445
0.196
0.221
0.794
0.866
0.727
0.226
0.259
0.340
0.988
0.028
0.926
0.934
0.311
0.528
0.014
0.983
0.286
0.971
0.976
0.778
0.502
0.437
0.764
0.137
0.879
0.797
0.112
0.193
0.480
0.372
0.930
0.714
0.789
0.799
0.061
0.863
0.051
0.069
0.834
0.744
0.447
0.840
0.969
0.230
0.743
0.423
0.916
0.476
0.030
0.629
0.289
0.275
0.744
0.842
0.236
0.098
0.549
0.031
0.736
0.286
0.852
0.263
0.484
0.058
0.885
0.533
0.446
0.503
0.330
0.299
0.442
0.818
0.670
0.411
0.272
0.097
0.760
0.908
0.221
0.028
0.061
0.882
0.358
0.523
0.355
0.818
0.513
0.420
0.648
0.132
0.222
0.881
0.641
0.267
0.819
0.846
0.209
0.073
0.724
0.228
0.490
0.053
0.577
0.432
0.518
0.053
0.104
0.938
0.308
0.608
0.110
0.313
0.919
0.222
0.614
0.849
0.327
0.729
0.192
0.902
0.449
0.305
0.789
0.680
0.233
0.547
0.887
0.051
0.181
0.548
0.351
0.613
0.962
0.190
0.185
0.561
0.260
0.513
0.053
0.960
0.818
0.598
0.470
0.445
0.003
0.729
0.707
0.642
0.486
0.351
0.357
0.556
0.928
0.380
0.022
0.376
0.394
0.586
0.139
0.370
0.598
0.994
0.642
0.657
0.867
0.229
0.349
0.674
0.823
0.892
0.981
0.840
0.939
0.641
0.966
0.593
0.892
0.468
0.120
0.262
0.186
0.958
0.966
0.128
0.142
0.184
0.867
0.099
0.745
0.816
0.783
0.098
0.159
0.718
0.607
0.035
0.480
0.228
0.986
0.213
0.015
0.293
0.702
0.843
0.361
0.161
0.305
0.367
0.106
0.961
0.454
0.562
0.082
0.607
0.986
0.639
0.456
0.738
0.846
0.165
0.207
0.682
0.009
0.085
0.433
0.295
0.806
0.801
0.422
0.182
0.524
0.153
0.866
0.455
0.817
0.352
0.704
0.005
0.521
0.217
0.011
0.163
0.385
0.567
0.684
0.775
0.866
0.725
0.510
0.543
0.156
0.475
0.769
0.569
0.401
0.173
0.571
0.127
0.114
0.867
0.316
0.330
0.293
0.552
0.072
0.585
0.274
0.412
0.802
0.913
0.465
0.751
0.737
0.794
0.407
0.463
0.932
0.639
0.368
0.996
0.606
0.922
0.591
0.829
0.938
0.486
0.313
0.522
0.592
0.667
0.817
0.677
0.617
0.816
0.253
0.607
0.798
0.785
0.720
0.301
0.119
0.522
0.879
0.629
0.812
0.987
0.389
0.058
0.186
0.217
0.923
0.448
0.436
0.397
0.878
0.007
0.587
0.982
0.475
0.771
0.226
0.664
0.526
0.066
0.367
0.822
0.096
0.420
0.642
0.060
0.891
0.071
0.441
0.325
0.783
0.977
0.753
0.491
0.856
0.457
0.432
0.760
0.499
0.807
0.482
0.792
0.789
0.736
0.343
0.042
0.593
0.254
0.288
0.283
0.769
0.906
0.002
0.475
0.520
0.293
0.448
0.832
0.150
0.420
0.208
0.757
0.328
0.544
0.853
0.136
0.047
0.562
0.395
0.199
0.497
0.482
0.240
0.973
0.865
0.833
0.536
0.019
0.681
0.887
0.442
0.989
0.784
0.902
0.962
0.993
0.126
0.618
0.036
0.897
0.687
0.760
0.543
0.780
0.469
0.851
0.066
0.197
0.967
0.279
0.875
0.203
0.667
0.216
0.568
0.063
0.319
0.863
0.491
0.482
0.887
0.144
0.950
0.186
0.412
0.927
0.440
0.878
0.668
0.091
0.644
0.150
0.130
0.229
0.708
0.232
0.239
0.336
0.700
0.167
0.484
0.593
0.385
0.466
0.401
0.546
0.969
0.492
0.945
0.368
0.106
0.126
0.424
0.016
0.033
0.194
0.558
0.698
0.514
0.086
0.222
0.403
0.149
0.458
0.994
0.593
0.758
0.774
0.185
0.580
0.702
0.400
0.938
0.591
0.451
0.254
0.195
0.789
0.459
0.838
0.270
0.062
0.688
0.516
0.687
0.232
0.253
0.127
0.930
0.754
0.621
0.793
0.117
0.785
0.023
0.648
0.497
0.296
0.823
0.082
0.835
0.754
0.534
0.843
0.463
0.893
0.408
0.976
0.368
0.365
0.327
0.810
0.942
0.556
0.619
0.111
0.888
0.123
0.894
0.717
0.421
0.718
0.543
0.052
0.899
0.349
0.083
0.491
0.894
0.816
0.780
0.750
0.312
0.425
0.853
0.325
0.164
0.854
0.678
0.324
0.881
0.133
0.026
0.875
0.088
0.083
0.394
0.862
0.817
0.587
0.560
0.140
0.371
0.503
0.666
0.242
0.386
0.105
0.662
0.764
0.931
0.556
0.801
0.494
0.099
0.603
0.425
0.984
0.977
0.749
0.103
0.343
0.663
0.025
0.316
0.192
0.582
0.790
0.319
0.721
0.157
0.951
0.490
0.256
0.544
0.384
0.602
0.778
0.034
0.568
0.100
0.546
0.121
0.213
0.893
0.200
0.533
0.515
0.514
0.005
0.335
0.881
0.630
0.182
0.543
0.217
0.848
0.485
0.412
0.082
0.906
0.416
0.041
0.618
0.156
0.041
0.334
0.190
0.176
0.020
0.793
0.324
0.867
0.365
0.184
0.547
0.029
0.283
0.031
0.660
0.092
0.828
0.845
0.384
0.113
0.167
0.556
0.525
0.245
0.367
0.715
0.583
0.550
0.166
0.932
0.452
0.925
0.146
0.187
0.460
0.158
0.966
0.638
0.324
0.237
0.245
0.519
0.451
0.787
0.638
0.476
0.726
0.609
0.575
0.528
0.830
0.642
0.846
0.045
0.671
0.175
0.184
0.889
0.359
0.776
0.196
0.061
0.028
0.518
0.868
0.151
0.017
0.992
0.117
0.366
0.196
0.822
0.067
0.592
0.145
0.454
0.638
0.833
0.578
0.569
0.614
0.759
0.273
0.969
0.032
0.186
0.618
0.285
0.699
0.114
0.469
0.924
0.065
0.972
0.115
0.349
0.880
0.884
0.192
0.027
0.160
0.025
0.193
0.202
0.372
0.651
0.927
0.758
0.182
0.529
0.905
0.175
0.839
0.203
0.407
0.024
0.814
0.169
0.411
0.339
0.989
0.637
0.945
0.408
0.191
0.039
0.888
0.054
0.881
0.738
0.691
0.404
0.115
0.386
0.830
0.024
0.514
0.679
0.008
0.553
0.253
0.361
0.123
0.742
0.528
0.671
0.030
0.027
0.548
0.898
0.481
0.194
0.743
0.828
0.444
0.363
0.483
0.977
0.085
0.325
0.392
0.460
0.050
0.015
0.279
0.003
0.466
0.714
0.214
0.203
0.853
0.485
0.549
0.308
0.551
0.603
0.426
0.362
0.099
0.829
0.076
0.310
0.378
0.264
0.961
0.234
0.097
0.460
0.485
0.874
0.030
0.520
0.450
0.653
0.442
0.574
0.060
0.339
0.435
0.430
0.875
0.245
0.944
0.875
0.165
0.422
0.114
0.117
0.366
0.688
0.983
0.660
0.131
0.803
0.143
0.998
0.349
0.554
0.974
0.506
0.190
0.384
0.522
0.984
0.850
0.223
0.236
0.225
0.478
0.475
0.824
0.753
0.443
0.724
0.838
0.348
0.478
0.593
0.157
0.891
0.121
0.145
0.339
0.365
0.367
0.577
0.093
0.626
0.967
0.227
0.854
0.033
0.059
0.307
0.548
0.543
0.421
0.098
0.565
0.042
0.113
0.652
0.552
0.391
0.988
0.696
0.458
0.992
0.333
0.252
0.431
0.970
0.032
0.007
0.426
0.995
0.947
0.753
0.151
0.499
0.955
0.577
0.294
0.753
0.845
0.605
0.410
0.272
0.722
0.115
0.213
0.572
0.925
0.906
0.233
0.641
0.007
0.837
0.638
0.345
0.020
0.955
0.551
0.466
0.675
0.598
0.573
0.047
0.162
0.883
0.805
0.064
0.386
0.063
0.561
0.125
0.022
0.725
0.256
0.215
0.618
0.340
0.932
0.492
0.472
0.354
0.276
0.451
0.012
0.291
0.675
0.502
0.741
0.681
0.488
0.967
0.085
0.488
0.594
0.452
0.884
0.901
0.651
0.350
0.926
0.654
0.244
0.196
0.184
0.640
0.160
0.688
0.685
0.823
0.075
0.015
0.775
0.729
0.320
0.752
0.912
0.274
0.389
0.803
0.843
0.377
0.019
0.456
0.972
0.336
0.979
0.350
0.692
0.466
0.068
0.548
0.837
0.211
0.574
0.214
0.013
0.291
0.186
0.576
0.647
0.107
0.820
0.530
0.175
0.104
0.226
0.067
0.698
0.471
0.691
0.218
0.342
0.944
0.882
0.106
0.220
0.157
0.128
0.109
0.665
0.376
0.828
0.675
0.144
0.107
0.943
0.547
0.218
0.901
0.955
0.742
0.319
0.674
0.736
0.525
0.750
0.437
0.789
0.446
0.482
0.771
0.441
0.781
0.514
0.782
0.553
0.254
0.687
0.509
0.896
0.605
0.428
0.557
0.457
0.199
0.431
0.989
0.318
0.221
0.944
0.601
0.110
0.380
0.061
0.964
0.677
0.286
0.774
0.403
0.876
0.175
0.462
0.034
0.957
0.386
0.055
0.385
0.864
0.574
0.002
0.760
0.020
0.166
0.274
0.741
0.555
0.814
0.314
0.178
0.678
0.704
0.039
0.952
0.049
0.723
0.979
0.444
0.216
0.818
0.936
0.433
0.164
0.868
0.568
0.548
0.823
0.058
0.466
0.012
0.268
0.573
0.629
0.940
0.635
0.229
0.632
0.711
0.903
0.299
0.344
0.813
0.975
0.522
0.177
0.125
0.210
0.268
0.060
0.781
0.131
0.726
0.901
0.952
0.123
0.722
0.601
0.401
0.150
0.405
0.641
0.861
0.014
0.847
0.864
0.456
0.127
0.688
0.361
0.293
0.820
0.775
0.051
0.003
0.070
0.070
0.546
0.291
0.014
0.753
0.020
0.415
0.461
0.154
0.233
0.415
0.901
0.961
0.663
0.338
0.558
0.426
0.525
0.002
0.631
0.971
0.864
0.837
0.000
0.450
0.362
0.355
0.680
0.007
0.692
0.642
0.052
0.200
0.629
0.010
0.186
0.951
0.897
0.815
0.774
0.736
0.403
0.158
0.264
0.703
0.055
0.195
0.252
0.132
0.600
0.790
0.783
0.675
0.596
0.025
0.978
0.076
0.455
0.675
0.772
0.333
0.222
0.727
0.835
0.091
0.437
0.928
0.485
0.540
0.262
0.679
0.378
0.443
0.089
0.273
0.819
0.629
0.223
0.657
0.962
0.447
0.509
0.928
0.568
0.733
0.635
0.505
0.309
0.380
0.002
0.319
0.868
0.001
0.093
0.049
0.103
0.966
0.426
0.752
0.802
0.158
0.592
0.888
0.155
0.955
0.091
0.480
0.597
0.196
0.750
0.547
0.537
0.862
0.831
0.419
0.977
0.306
0.679
0.300
0.702
0.715
0.366
0.087
0.096
0.907
0.592
0.735
0.315
0.687
0.438
0.412
0.440
0.013
0.694
0.746
0.998
0.615
0.243
0.625
0.913
0.694
0.752
0.169
0.151
0.994
0.501
0.352
0.807
0.109
0.107
0.356
0.615
0.107
0.797
0.107
0.575
0.724
0.241
0.394
0.613
0.910
0.849
0.450
0.061
0.010
0.194
0.919
0.379
0.025
0.165
0.491
0.448
0.802
0.310
0.981
0.957
0.393
0.541
0.789
0.112
0.989
0.901
0.231
0.474
0.409
0.384
0.975
0.982
0.090
0.068
0.262
0.241
0.486
0.738
0.546
0.449
0.237
0.870
0.139
0.032
0.974
0.177
0.806
0.036
0.445
0.320
0.895
0.376
0.794
0.610
0.003
0.453
0.003
0.871
0.981
0.561
0.837
0.280
0.645
0.276
0.349
0.760
0.673
0.074
0.427
0.736
0.742
0.807
0.694
0.474
0.490
0.018
0.159
0.630
0.482
0.740
0.311
0.686
0.552
0.572
0.389
0.819
0.872
0.166
0.362
0.843
0.482
0.127
0.007
0.423
0.080
0.326
0.121
0.868
0.017
0.077
0.460
0.703
0.061
0.354
0.050
0.761
0.895
0.077
0.678
0.174
0.178
0.689
0.958
0.634
0.900
0.757
0.751
0.025
0.933
0.603
0.737
0.120
0.975
0.071
0.512
0.087
0.937
0.342
0.231
0.223
0.982
0.255
0.621
0.800
0.694
0.591
0.313
0.759
0.029
0.439
0.756
0.779
0.877
0.451
0.884
0.572
0.277
0.754
0.636
0.769
0.420
0.146
0.978
0.691
0.411
0.595
0.538
0.714
0.886
0.334
0.381
0.656
0.751
0.115
0.611
0.442
0.484
0.358
0.487
0.577
0.327
0.707
0.710
0.667
0.023
0.163
0.591
0.220
0.738
0.066
0.873
0.502
0.284
0.448
0.621
0.043
0.471
0.943
0.190
0.709
0.114
0.794
0.957
0.537
0.374
0.986
0.164
0.549
0.175
0.648
0.512
0.962
0.998
0.411
0.902
0.320
0.398
0.232
0.643
0.735
0.319
0.098
0.234
0.301
0.916
0.368
0.138
0.036
0.633
0.676
0.813
0.421
0.474
0.207
0.152
0.961
0.970
0.369
0.126
0.051
0.089
0.986
0.927
0.534
0.473
0.941
0.425
0.497
0.179
0.318
0.286
0.125
0.797
0.260
0.380
0.020
0.483
0.387
0.741
0.895
0.928
0.066
0.244
0.223
0.308
0.489
0.554
0.275
0.909
0.441
0.154
0.795
0.551
0.071
0.770
0.642
0.909
0.100
0.825
0.472
0.439
0.168
0.296
0.712
0.483
0.936
0.522
0.446
0.609
0.678
0.266
0.038
0.860
0.991
0.515
0.653
0.873
0.799
0.013
0.007
0.505
0.231
0.957
0.743
0.090
0.125
0.102
0.402
0.141
0.792
0.918
0.881
0.806
0.343
0.527
0.704
0.605
0.712
0.037
0.916
0.506
0.502
0.474
0.037
0.509
0.738
0.070
0.589
0.763
0.348
0.691
0.873
0.071
0.683
0.270
0.832
0.272
0.375
0.708
0.597
0.838
0.406
0.354
0.783
0.057
0.094
0.150
0.419
0.664
0.226
0.532
0.001
0.771
0.403
0.508
0.109
0.719
0.906
0.414
0.831
0.079
0.096
0.595
0.161
0.908
0.150
0.640
0.301
0.527
0.519
0.658
0.790
0.231
0.167
0.408
0.198
0.405
0.723
0.126
0.184
0.443
0.375
0.854
0.904
0.147
0.322
0.192
0.594
0.973
0.843
0.616
0.922
0.735
0.054
0.090
0.275
0.405
0.586
0.849
0.943
0.660
0.199
0.414
0.421
0.413
0.341
0.190
0.787
0.000
0.844
0.363
0.830
0.800
0.114
0.246
0.089
0.812
0.169
0.769
0.809
0.463
0.455
0.800
0.185
0.554
0.162
0.934
0.930
0.145
0.409
0.878
0.422
0.787
0.867
0.026
0.463
0.487
0.350
0.745
0.880
0.090
0.834
0.650
0.193
0.233
0.282
0.909
0.528
0.584
0.563
0.796
0.375
0.150
0.079
0.045
0.393
0.366
0.751
0.108
0.202
0.278
0.535
0.179
0.511
0.758
0.978
0.251
0.040
0.868
0.865
0.487
0.534
0.155
0.875
0.746
0.220
0.638
0.721
0.956
0.646
0.594
0.209
0.900
0.881
0.073
0.196
0.446
0.934
0.036
0.629
0.281
0.503
0.327
0.929
0.396
0.266
0.022
0.403
0.505
0.739
0.947
0.894
0.903
0.017
0.306
0.456
0.164
0.426
0.693
0.887
0.535
0.742
0.438
0.964
0.061
0.940
0.956
0.431
0.509
0.404
0.192
0.326
0.358
0.785
0.298
0.612
0.198
0.077
0.894
0.342
0.526
0.141
0.786
0.326
0.032
0.528
0.367
0.647
0.347
0.423
0.647
0.772
0.075
0.717
0.647
0.162
0.137
0.483
0.372
0.118
0.500
0.781
0.471
0.114
0.279
0.430
0.957
0.710
0.799
0.455
0.114
0.798
0.128
0.711
0.797
0.898
0.431
0.001
0.458
0.017
0.427
0.437
0.648
0.968
0.310
0.487
0.308
0.728
0.550
0.478
0.322
0.409
0.810
0.579
0.090
0.524
0.187
0.753
0.408
0.068
0.625
0.718
0.347
0.002
0.082
0.007
0.500
0.230
0.681
0.014
0.297
0.599
0.716
0.479
0.345
0.920
0.735
0.641
0.442
0.950
0.733
0.423
0.318
0.738
0.630
0.897
0.547
0.497
0.486
0.741
0.457
0.881
0.486
0.896
0.685
0.648
0.782
0.606
0.442
0.645
0.181
0.618
0.511
0.409
0.069
0.764
0.956
0.050
0.104
0.155
0.104
0.016
0.638
0.161
0.090
0.217
0.708
0.310
0.639
0.205
0.451
0.381
0.456
0.262
0.311
0.155
0.774
0.581
0.824
0.949
0.307
0.079
0.395
0.761
0.298
0.583
0.206
0.228
0.989
0.753
0.087
0.648
0.142
0.828
0.671
0.875
0.316
0.904
0.918
0.405
0.967
0.320
0.886
0.037
0.443
0.964
0.242
0.513
0.647
0.086
0.350
0.075
0.577
0.612
0.954
0.361
0.454
0.865
0.491
0.678
0.804
0.621
0.886
0.458
0.902
0.284
0.004
0.591
0.446
0.135
0.018
0.339
0.517
0.147
0.638
0.448
0.044
0.786
0.891
0.438
0.564
0.604
0.655
0.980
0.890
0.100
0.987
0.883
0.864
0.865
0.574
0.692
0.984
0.978
0.197
0.149
0.662
0.678
0.304
0.571
0.722
0.349
0.814
0.051
0.128
0.358
0.605
0.974
0.348
0.122
0.321
0.571
0.038
0.678
0.646
0.327
0.715
0.715
0.428
0.231
0.712
0.156
0.541
0.708
0.934
0.215
0.673
0.728
0.980
0.812
0.777
0.361
0.089
0.976
0.626
0.876
0.172
0.791
0.961
0.320
0.389
0.539
0.660
0.932
0.456
0.746
0.944
0.929
0.128
0.248
0.945
0.091
0.992
0.279
0.943
0.092
0.363
0.829
0.297
0.818
0.837
0.067
0.441
0.869
0.064
0.343
0.270
0.960
0.142
0.068
0.437
0.135
0.456
0.404
0.416
0.731
0.871
0.920
0.730
0.608
0.884
0.358
0.411
0.817
0.122
0.177
0.213
0.832
0.667
0.035
0.315
0.875
0.113
0.256
0.363
0.889
0.398
0.726
0.017
0.223
0.080
0.441
0.688
0.848
0.432
0.790
0.074
0.807
0.340
0.972
0.725
0.373
0.059
0.997
0.607
0.953
0.202
0.331
0.235
0.772
0.083
0.348
0.692
0.242
0.584
0.294
0.342
0.736
0.439
0.915
0.009
0.351
0.509
0.685
0.461
0.148
0.173
0.361
0.781
0.327
0.868
0.685
0.532
0.605
0.046
0.128
0.067
0.379
0.093
0.895
0.887
0.338
0.990
0.249
0.449
0.718
0.109
0.671
0.427
0.528
0.766
0.721
0.256
0.538
0.353
0.276
0.298
0.112
0.582
0.348
0.590
0.766
0.279
0.409
0.032
0.362
0.158
0.227
0.770
0.682
0.254
0.862
0.930
0.487
0.568
0.260
0.867
0.533
0.109
0.774
0.086
0.309
0.636
0.026
0.370
0.014
0.715
0.638
0.905
0.773
0.950
0.929
0.075
0.989
0.651
0.963
0.158
0.917
0.640
0.899
0.946
0.571
0.947
0.033
0.573
0.129
0.437
0.345
0.122
0.819
0.817
0.842
0.945
0.722
0.661
0.856
0.894
0.466
0.924
0.672
0.760
0.432
0.587
0.404
0.762
0.949
0.275
0.963
0.013
0.018
0.483
0.932
0.102
0.450
0.454
0.266
0.587
0.666
0.332
0.402
0.550
0.927
0.262
0.437
0.477
0.400
0.442
0.903
0.842
0.199
0.281
0.057
0.325
0.476
0.459
0.302
0.101
0.695
0.891
0.589
0.399
0.517
0.486
0.101
0.806
0.143
0.470
0.362
0.769
0.437
0.210
0.177
0.539
0.277
0.142
0.753
0.378
0.728
0.712
0.401
0.495
0.679
0.398
0.029
0.097
0.952
0.787
0.752
0.177
0.539
0.330
0.617
0.572
0.370
0.208
0.913
0.617
0.425
0.054
0.913
0.161
0.845
0.900
0.206
0.238
0.154
0.026
0.228
0.206
0.989
0.749
0.111
0.807
0.105
0.465
0.892
0.312
0.094
0.218
0.990
0.110
0.471
0.674
0.514
0.280
0.647
0.650
0.426
0.630
0.793
0.340
0.055
0.437
0.428
0.724
0.352
0.147
0.936
0.173
0.225
0.511
0.279
0.171
0.135
0.005
0.870
0.785
0.696
0.756
0.674
0.181
0.013
0.480
0.275
0.772
0.178
0.572
0.060
0.859
0.428
0.937
0.290
0.072
0.922
0.341
0.355
0.637
0.514
0.977
0.614
0.092
0.631
0.345
0.931
0.872
0.742
0.137
0.604
0.632
0.377
0.129
0.674
0.582
0.259
0.379
0.240
0.478
0.792
0.898
0.721
0.190
0.779
0.384
0.300
0.464
0.811
0.709
0.545
0.709
0.394
0.669
0.830
0.001
0.178
0.762
0.275
0.799
0.620
0.210
0.083
0.228
0.362
0.730
0.346
0.532
0.769
0.242
0.508
0.063
0.616
0.450
0.129
0.426
0.906
0.934
0.069
0.036
0.378
0.239
0.080
0.595
0.409
0.716
0.707
0.764
0.693
0.206
0.768
0.789
0.834
0.638
0.060
0.273
0.994
0.095
0.830
0.245
0.835
0.590
0.794
0.960
0.195
0.080
0.788
0.248
0.959
0.010
0.878
0.950
0.488
0.391
0.405
0.863
0.907
0.437
0.289
0.563
0.823
0.162
0.829
0.763
0.024
0.061
0.216
0.545
0.700
0.469
0.278
0.919
0.574
0.663
0.667
0.818
0.357
0.239
0.376
0.662
0.444
0.830
0.715
0.644
0.388
0.335
0.654
0.530
0.353
0.195
0.989
0.511
0.295
0.326
0.833
0.269
0.913
0.745
0.528
0.658
0.699
0.821
0.923
0.768
0.900
0.620
0.194
0.125
0.535
0.391
0.774
0.372
0.088
0.182
0.759
0.670
0.811
0.925
0.712
0.081
0.196
0.183
0.313
0.800
0.695
0.320
0.571
0.017
0.116
0.370
0.221
0.554
0.489
0.363
0.409
0.999
0.213
0.808
0.292
0.230
0.576
0.193
0.147
0.472
0.751
0.763
0.537
0.320
0.327
0.977
0.565
0.787
0.231
0.039
0.732
0.326
0.171
0.994
0.962
0.648
0.715
0.612
0.428
0.959
0.984
0.836
0.472
0.286
0.875
0.732
0.367
0.197
0.964
0.592
0.920
0.355
0.572
0.126
0.341
0.421
0.679
0.454
0.765
0.322
0.436
0.692
0.072
0.861
0.751
0.707
0.356
0.926
0.203
0.277
0.794
0.004
0.691
0.212
0.704
0.134
0.380
0.787
0.694
0.913
0.468
0.007
0.415
0.129
0.557
0.314
0.536
0.169
0.460
0.795
0.604
0.572
0.917
0.975
0.213
0.674
0.887
0.459
0.059
0.602
0.307
0.594
0.310
0.210
0.929
0.078
0.250
0.826
0.476
0.810
0.997
0.696
0.238
0.288
0.560
0.431
0.345
0.272
0.013
0.319
0.142
0.803
0.412
0.835
0.668
0.405
0.236
0.073
0.410
0.923
0.809
0.720
0.746
0.703
0.559
0.722
0.957
0.237
0.963
0.336
0.793
0.208
0.212
0.624
0.734
0.920
0.447
0.048
0.694
0.214
0.701
0.667
0.291
0.186
0.957
0.676
0.497
0.814
0.572
0.215
0.920
0.662
0.501
0.976
0.730
0.534
0.920
0.153
0.989
0.213
0.103
0.097
0.781
0.870
0.061
0.814
0.158
0.207
0.872
0.466
0.970
0.647
0.463
0.165
0.349
0.078
0.899
0.480
0.331
0.563
0.312
0.540
0.493
0.879
0.717
0.087
0.508
0.298
0.729
0.223
0.776
0.593
0.187
0.407
0.660
0.580
0.283
0.329
0.759
0.029
0.504
0.311
0.917
0.004
0.154
0.497
0.821
0.549
0.641
0.408
0.621
0.464
0.982
0.049
0.114
0.491
0.637
0.070
0.786
0.192
0.888
0.846
0.794
0.825
0.315
0.006
0.741
0.391
0.194
0.558
0.130
0.853
0.875
0.229
0.296
0.390
0.658
0.035
0.179
0.189
0.869
0.750
0.921
0.652
0.880
0.570
0.998
0.854
0.074
0.691
0.786
0.317
0.766
0.491
0.419
0.635
0.814
0.075
0.667
0.127
0.977
0.454
0.009
0.597
0.759
0.843
0.533
0.752
0.959
0.283
0.770
0.920
0.231
0.903
0.565
0.245
0.887
0.786
0.282
0.022
0.444
0.127
0.985
0.204
0.532
0.882
0.892
0.726
0.234
0.917
0.044
0.080
0.040
0.321
0.322
0.127
0.136
0.278
0.012
0.650
0.174
0.513
0.606
0.481
0.215
0.862
0.024
0.642
0.305
0.728
0.849
0.235
0.682
0.953
0.841
0.748
0.628
0.502
0.532
0.202
0.086
0.636
0.461
0.784
0.894
0.960
0.719
0.872
0.955
0.906
0.988
0.470
0.756
0.304
0.462
0.084
0.582
0.168
0.810
0.372
0.854
0.256
0.464
0.255
0.902
0.813
0.567
0.816
0.737
0.922
0.667
0.330
0.185
0.500
0.072
0.656
0.446
0.937
0.938
0.567
0.300
0.768
0.868
0.212
0.618
0.631
0.959
0.601
0.764
0.787
0.276
0.416
0.016
0.422
0.317
0.327
0.722
0.752
0.104
0.631
0.660
0.951
0.957
0.571
0.978
0.577
0.585
0.509
0.586
0.681
0.552
0.579
0.050
0.236
0.643
0.494
0.102
0.229
0.030
0.514
0.160
0.149
0.038
0.547
0.216
0.712
0.830
0.556
0.990
0.029
0.968
0.875
0.882
0.527
0.429
0.492
0.944
0.482
0.885
0.378
0.820
0.567
0.137
0.211
0.114
0.717
0.340
0.742
0.990
0.138
0.440
0.955
0.798
0.264
0.341
0.472
0.863
0.484
0.954
0.963
0.097
0.686
0.773
0.068
0.485
0.469
0.180
0.528
0.422
0.747
0.355
0.863
0.096
0.933
0.002
0.935
0.312
0.622
0.582
0.963
0.417
0.692
0.094
0.585
0.345
0.358
0.148
0.271
0.431
0.931
0.485
0.659
0.233
0.795
0.506
0.799
0.710
0.402
0.016
0.998
0.962
0.028
0.438
0.157
0.150
0.507
0.472
0.021
0.234
0.328
0.799
0.161
0.705
0.458
0.840
0.326
0.171
0.216
0.209
0.871
0.814
0.033
0.063
0.885
0.054
0.507
0.779
0.120
0.798
0.472
0.589
0.610
0.898
0.601
0.359
0.638
0.448
0.756
0.171
0.614
0.201
0.006
0.838
0.824
0.602
0.474
0.818
0.818
0.514
0.971
0.568
0.764
0.429
0.358
0.337
0.797
0.583
0.442
0.814
0.250
0.298
0.637
0.639
0.423
0.727
0.201
0.831
0.450
0.886
0.780
0.761
0.553
0.932
0.591
0.539
0.357
0.524
0.211
0.150
0.871
0.108
0.188
0.492
0.609
0.779
0.850
0.614
0.839
0.563
0.184
0.096
0.058
0.602
0.152
0.428
0.524
0.796
0.025
0.538
0.878
0.822
0.026
0.269
0.460
0.969
0.038
0.460
0.021
0.053
0.826
0.544
0.515
0.124
0.228
0.305
0.469
0.874
0.368
0.824
0.882
0.107
0.195
0.040
0.107
0.337
0.165
0.855
0.161
0.589
0.829
0.762
0.410
0.471
0.841
0.645
0.335
0.712
0.312
0.540
0.269
0.305
0.397
0.834
0.143
0.918
0.234
0.910
0.696
0.891
0.183
0.227
0.673
0.699
0.107
0.984
0.975
0.973
0.049
0.346
0.357
0.061
0.532
0.777
0.054
0.574
0.513
0.772
0.864
0.091
0.874
0.113
0.666
0.079
0.677
0.206
0.106
0.612
0.183
0.394
0.662
0.408
0.694
0.671
0.644
0.973
0.196
0.598
0.746
0.953
0.582
0.052
0.749
0.248
0.201
0.186
0.851
0.696
0.687
0.643
0.754
0.029
0.154
0.395
0.272
0.535
0.360
0.626
0.726
0.358
0.535
0.848
0.546
0.895
0.125
0.168
0.823
0.900
0.220
0.272
0.213
0.887
0.398
0.411
0.823
0.390
0.094
0.893
0.228
0.032
0.052
0.025
0.056
0.211
0.665
0.199
0.274
0.978
0.944
0.972
0.891
0.937
0.132
0.942
0.536
0.334
0.038
0.498
0.851
0.098
0.176
0.763
0.768
0.364
0.469
0.594
0.503
0.356
0.856
0.422
0.335
0.446
0.054
0.854
0.818
0.398
0.901
0.749
0.472
0.733
0.279
0.869
0.908
0.849
0.738
0.093
0.230
0.908
0.029
0.880
0.396
0.489
0.523
0.765
0.244
0.832
0.932
0.494
0.549
0.910
0.625
0.118
0.745
0.307
0.071
0.338
0.063
0.396
0.702
0.504
0.445
0.097
0.402
0.822
0.585
0.426
0.415
0.985
0.039
0.944
0.996
0.655
0.838
0.120
0.168
0.962
0.601
0.427
0.016
0.673
0.784
0.406
0.569
0.530
0.210
0.225
0.909
0.636
0.900
0.193
0.269
0.656
0.891
0.158
0.755
0.029
0.140
0.261
0.936
0.250
0.301
0.690
0.973
0.190
0.505
0.019
0.466
0.926
0.867
0.490
0.395
0.150
0.638
0.560
0.599
0.178
0.816
0.024
0.332
0.657
0.553
0.005
0.905
0.192
0.081
0.336
0.103
0.790
0.550
0.343
0.536
0.169
0.102
0.489
0.293
0.398
0.158
0.654
0.212
0.964
0.976
0.444
0.465
0.682
0.768
0.552
0.890
0.173
0.458
0.229
0.739
0.378
0.420
0.907
0.687
0.504
0.407
0.121
0.227
0.361
0.582
0.885
0.620
0.974
0.020
0.842
0.052
0.498
0.927
0.296
0.701
0.992
0.381
0.142
0.492
0.449
0.983
0.332
0.574
0.563
0.775
0.091
0.870
0.428
0.043
0.411
0.820
0.870
0.864
0.104
0.820
0.436
0.360
0.138
0.482
0.537
0.340
0.255
0.631
0.817
0.119
0.371
0.163
0.793
0.044
0.185
0.820
0.653
0.964
0.062
0.042
0.957
0.088
0.916
0.993
0.038
0.985
0.516
0.141
0.142
0.954
0.666
0.385
0.969
0.334
0.899
0.139
0.875
0.541
0.861
0.095
0.137
0.654
0.141
0.856
0.933
0.170
0.935
0.467
0.291
0.237
0.338
0.178
0.071
0.471
0.369
0.047
0.611
0.972
0.360
0.207
0.670
0.435
0.293
0.738
0.686
0.854
0.606
0.659
0.015
0.044
0.094
0.471
0.322
0.901
0.467
0.901
0.921
0.862
0.126
0.240
0.593
0.080
0.730
0.059
0.962
0.518
0.018
0.678
0.123
0.391
0.220
0.513
0.405
0.027
0.354
0.346
0.938
0.382
0.420
0.898
0.817
0.417
0.886
0.951
0.522
0.522
0.078
0.017
0.035
0.294
0.254
0.720
0.701
0.388
0.940
0.916
0.259
0.121
0.586
0.821
0.518
0.738
0.493
0.717
0.477
0.508
0.415
0.392
0.946
0.535
0.546
0.525
0.062
0.124
0.485
0.458
0.491
0.399
0.085
0.945
0.658
0.364
0.017
0.930
0.580
0.985
0.762
0.537
0.189
0.533
0.069
0.718
0.801
0.117
0.918
0.486
0.272
0.186
0.845
0.678
0.794
0.983
0.059
0.978
0.362
0.902
0.460
0.422
0.186
0.914
0.094
0.631
0.923
0.469
0.347
0.942
0.837
0.039
0.274
0.591
0.266
0.083
0.297
0.760
0.753
0.792
0.385
0.842
0.024
0.727
0.168
0.866
0.685
0.683
0.428
0.126
0.738
0.257
0.537
0.528
0.259
0.084
0.300
0.086
0.462
0.914
0.338
0.135
0.132
0.700
0.527
0.915
0.421
0.691
0.244
0.318
0.189
0.235
0.759
0.776
0.634
0.076
0.016
0.751
0.725
0.845
0.569
0.643
0.056
0.098
0.680
0.723
0.676
0.549
0.389
0.451
0.395
0.299
0.568
0.696
0.766
0.353
0.959
0.282
0.874
0.355
0.640
0.105
0.447
0.258
0.690
0.891
0.766
0.884
0.144
0.426
0.757
0.689
0.607
0.906
0.642
0.925
0.045
0.873
0.837
0.663
0.765
0.518
0.306
0.385
0.878
0.237
0.522
0.739
0.860
0.090
0.204
0.866
0.782
0.303
0.730
0.872
0.105
0.520
0.618
0.919
0.004
0.896
0.064
0.450
0.086
0.688
0.780
0.364
0.295
0.857
0.886
0.916
0.158
0.773
0.949
0.352
0.724
0.193
0.648
0.031
0.818
0.299
0.907
0.659
0.546
0.037
0.576
0.362
0.017
0.806
0.466
0.814
0.485
0.498
0.105
0.703
0.324
0.527
0.178
0.370
0.458
0.601
0.328
0.299
0.408
0.652
0.014
0.269
0.935
0.676
0.573
0.031
0.760
0.551
0.753
0.729
0.391
0.541
0.028
0.946
0.513
0.137
0.309
0.770
0.244
0.140
0.286
0.178
0.884
0.731
0.682
0.199
0.781
0.995
0.277
0.460
0.264
0.168
0.481
0.737
0.137
0.143
0.709
0.193
0.866
0.282
0.402
0.167
0.579
0.549
0.492
0.746
0.404
0.375
0.404
0.693
0.325
0.377
0.266
0.250
0.586
0.960
0.431
0.678
0.154
0.558
0.837
0.603
0.031
0.576
0.984
0.611
0.166
0.541
0.764
0.808
0.756
0.635
0.824
0.137
0.369
0.299
0.793
0.498
0.716
0.693
0.113
0.951
0.812
0.152
0.769
0.607
0.713
0.559
0.354
0.887
0.772
0.204
0.982
0.950
0.070
0.918
0.307
0.143
0.818
0.999
0.470
0.382
0.371
0.922
0.371
0.543
0.316
0.437
0.819
0.072
0.431
0.621
0.121
0.740
0.003
0.721
0.418
0.878
0.674
0.858
0.142
0.408
0.811
0.361
0.477
0.991
0.142
0.452
0.359
0.489
0.003
0.801
0.393
0.995
0.727
0.449
0.760
0.447
0.732
0.738
0.083
0.798
0.661
0.830
0.003
0.534
0.323
0.870
0.580
0.724
0.362
0.518
0.395
0.563
0.075
0.211
0.823
0.469
0.194
0.137
0.866
0.123
0.232
0.414
0.241
0.055
0.464
0.339
0.101
0.415
0.549
0.608
0.995
0.254
0.267
0.762
0.180
0.967
0.733
0.368
0.694
0.545
0.510
0.533
0.350
0.004
0.554
0.039
0.987
0.497
0.128
0.583
0.467
0.945
0.446
0.943
0.014
0.748
0.588
0.364
0.476
0.752
0.580
0.798
0.910
0.984
0.906
0.097
0.655
0.152
0.760
0.806
0.751
0.663
0.548
0.407
0.493
0.338
0.797
0.293
0.658
0.979
0.193
0.104
0.216
0.090
0.141
0.511
0.923
0.712
0.267
0.142
0.546
0.310
0.901
0.807
0.629
0.166
0.178
0.809
0.170
0.540
0.490
0.272
0.530
0.844
0.070
0.067
0.341
0.590
0.192
0.717
0.570
0.354
0.004
0.792
0.923
0.087
0.071
0.234
0.486
0.636
0.094
0.200
0.663
0.837
0.103
0.403
0.998
0.828
0.326
0.494
0.059
0.961
0.647
0.158
0.272
0.322
0.038
0.873
0.234
0.876
0.964
0.108
0.187
0.325
0.902
0.069
0.406
0.182
0.424
0.159
0.594
0.125
0.757
0.865
0.809
0.926
0.615
0.959
0.003
0.905
0.474
0.983
0.424
0.398
0.838
0.270
0.167
0.995
0.498
0.194
0.591
0.620
0.133
0.967
0.991
0.641
0.468
0.678
0.678
0.156
0.055
0.112
0.813
0.840
0.114
0.060
0.938
0.766
0.125
0.431
0.044
0.274
0.962
0.578
0.250
0.711
0.208
0.497
0.112
0.411
0.436
0.911
0.298
0.783
0.249
0.132
0.606
0.025
0.468
0.015
0.699
0.734
0.454
0.883
0.514
0.729
0.806
0.476
0.469
0.192
0.792
0.571
0.724
0.002
0.179
0.142
0.960
0.300
0.652
0.557
0.288
0.611
0.497
0.087
0.305
0.154
0.443
0.326
0.886
0.755
0.362
0.586
0.276
0.298
0.215
0.937
0.778
0.697
0.572
0.972
0.676
0.633
0.535
0.104
0.185
0.404
0.726
0.987
0.425
0.091
0.349
0.893
0.578
0.966
0.337
0.203
0.928
0.252
0.088
0.269
0.176
0.489
0.600
0.697
0.052
0.152
0.892
0.154
0.247
0.806
0.440
0.584
0.413
0.043
0.994
0.875
0.886
0.077
0.214
0.103
0.248
0.742
0.246
0.628
0.359
0.787
0.921
0.542
0.236
0.214
0.504
0.480
0.098
0.941
0.673
0.968
0.381
0.623
0.446
0.436
0.670
0.231
0.460
0.413
0.537
0.970
0.251
0.339
0.065
0.318
0.071
0.065
0.130
0.605
0.588
0.660
0.534
0.024
0.381
0.962
0.607
0.762
0.604
0.833
0.716
0.605
0.714
0.026
0.333
0.940
0.658
0.710
0.199
0.868
0.869
0.743
0.531
0.092
0.817
0.411
0.165
0.383
0.630
0.042
0.916
0.075
0.286
0.110
0.283
0.425
0.965
0.659
0.463
0.535
0.112
0.964
0.430
0.694
0.539
0.306
0.463
0.977
0.003
0.568
0.542
0.208
0.406
0.033
0.125
0.153
0.743
0.709
0.457
0.356
0.122
0.660
0.589
0.118
0.717
0.728
0.647
0.210
0.392
0.926
0.486
0.963
0.230
0.817
0.776
0.497
0.549
0.172
0.744
0.460
0.392
0.894
0.364
0.814
0.867
0.569
0.457
0.742
0.684
0.114
0.614
0.309
0.891
0.744
0.308
0.345
0.193
0.851
0.508
0.241
0.249
0.674
0.727
0.699
0.459
0.478
0.874
0.488
0.781
0.886
0.353
0.374
0.108
0.584
0.632
0.291
0.707
0.158
0.248
0.375
0.541
0.979
0.197
0.930
0.562
0.484
0.637
0.605
0.320
0.179
0.169
0.012
0.672
0.628
0.670
0.623
0.009
0.405
0.818
0.359
0.452
0.762
0.223
0.749
0.800
0.942
0.542
0.182
0.073
0.783
0.037
0.677
0.882
0.805
0.028
0.454
0.495
0.695
0.047
0.423
0.856
0.716
0.045
0.098
0.297
0.527
0.291
0.593
0.042
0.824
0.750
0.368
0.785
0.186
0.425
0.130
0.815
0.185
0.641
0.519
0.962
0.288
0.319
0.943
0.161
0.252
0.748
0.135
0.231
0.618
0.979
0.094
0.769
0.133
0.211
0.183
0.479
0.052
0.922
0.175
0.918
0.593
0.035
0.638
0.595
0.888
0.800
0.523
0.546
0.864
0.843
0.122
0.155
0.274
0.198
0.149
0.770
0.508
0.110
0.107
0.686
0.741
0.348
0.719
0.260
0.666
0.279
0.431
0.953
0.501
0.115
0.044
0.604
0.123
0.798
0.467
0.982
0.080
0.772
0.498
0.605
0.681
0.501
0.406
0.078
0.916
0.466
0.673
0.032
0.175
0.490
0.389
0.275
0.868
0.574
0.858
0.932
0.432
0.985
0.365
0.350
0.885
0.105
0.310
0.567
0.884
0.970
0.298
0.144
0.863
0.358
0.022
0.289
0.468
0.533
0.790
0.323
0.930
0.290
0.237
0.622
0.823
0.181
0.476
0.352
0.052
0.827
0.786
0.143
0.918
0.763
0.551
0.101
0.203
0.594
0.814
0.355
0.571
0.393
0.106
0.921
0.780
0.164
0.222
0.275
0.958
0.201
0.931
0.222
0.580
0.208
0.992
0.494
0.072
0.796
0.067
0.796
0.994
0.483
0.098
0.686
0.586
0.498
0.266
0.219
0.958
0.892
0.139
0.277
0.380
0.016
0.169
0.625
0.845
0.801
0.864
0.369
0.766
0.597
0.004
0.424
0.283
0.910
0.362
0.204
0.888
0.306
0.173
0.679
0.223
0.190
0.249
0.536
0.339
0.875
0.859
0.189
0.591
0.881
0.621
0.669
0.062
0.090
0.287
0.276
0.951
0.301
0.195
0.679
0.384
0.077
0.504
0.141
0.442
0.437
0.868
0.721
0.186
0.611
0.777
0.040
0.751
0.231
0.466
0.532
0.779
0.034
0.219
0.287
0.634
0.933
0.147
0.642
0.513
0.072
0.507
0.683
0.410
0.459
0.182
0.207
0.742
0.255
0.428
0.797
0.326
0.007
0.360
0.253
0.933
0.759
0.579
0.048
0.698
0.777
0.610
0.704
0.676
0.577
0.134
0.717
0.370
0.237
0.189
0.402
0.635
0.641
0.873
0.979
0.692
0.367
0.935
0.502
0.646
0.979
0.746
0.611
0.448
0.467
0.270
0.832
0.363
0.706
0.738
0.146
0.180
0.771
0.872
0.040
0.394
0.744
0.928
0.153
0.097
0.439
0.884
0.945
0.075
0.738
0.451
0.701
0.741
0.892
0.705
0.937
0.601
0.094
0.173
0.022
0.127
0.924
0.298
0.757
0.485
0.403
0.364
0.446
0.750
0.505
0.706
0.096
0.858
0.238
0.138
0.956
0.396
0.639
0.034
0.239
0.578
0.664
0.611
0.638
0.616
0.575
0.055
0.358
0.178
0.175
0.873
0.631
0.596
0.971
0.064
0.777
0.049
0.857
0.986
0.783
0.788
0.050
0.641
0.583
0.371
0.235
0.051
0.817
0.340
0.748
0.627
0.017
0.335
0.069
0.316
0.799
0.773
0.981
0.310
0.845
0.154
0.562
0.773
0.725
0.315
0.133
0.334
0.593
0.034
0.551
0.007
0.137
0.191
0.240
0.872
0.385
0.662
0.315
0.137
0.395
0.731
0.148
0.343
0.897
0.973
0.413
0.663
0.501
0.044
0.639
0.922
0.393
0.612
0.706
0.881
0.624
0.494
0.875
0.382
0.809
0.533
0.928
0.901
0.747
0.789
0.617
0.790
0.582
0.880
0.447
0.460
0.239
0.514
0.742
0.196
0.023
0.066
0.134
0.546
0.536
0.457
0.209
0.249
0.674
0.961
0.565
0.714
0.131
0.111
0.540
0.504
0.672
0.563
0.060
0.506
0.862
0.826
0.612
0.845
0.194
0.982
0.331
0.894
0.190
0.903
0.539
0.532
0.278
0.054
0.097
0.310
0.127
0.340
0.147
0.108
0.731
0.337
0.427
0.469
0.808
0.869
0.190
0.856
0.119
0.240
0.253
0.893
0.317
0.400
0.797
0.225
0.260
0.122
0.526
0.516
0.559
0.049
0.021
0.050
0.513
0.162
0.283
0.482
0.059
0.636
0.654
0.144
0.603
0.787
0.497
0.736
0.253
0.502
0.943
0.895
0.026
0.439
0.923
0.312
0.840
0.597
0.090
0.462
0.997
0.889
0.702
0.147
0.156
0.268
0.726
0.234
0.008
0.884
0.696
0.127
0.599
0.020
0.250
0.099
0.712
0.325
0.657
0.261
0.968
0.033
0.056
0.863
0.065
0.711
0.151
0.952
0.649
0.362
0.916
0.368
0.474
0.825
0.018
0.405
0.937
0.886
0.164
0.982
0.698
0.521
0.391
0.566
0.795
0.635
0.713
0.873
0.250
0.212
0.237
0.986
0.156
0.703
0.106
0.480
0.691
0.383
0.544
0.286
0.791
0.922
0.173
0.338
0.343
0.662
0.193
0.363
0.847
0.907
0.088
0.539
0.054
0.226
0.687
0.100
0.168
0.925
0.894
0.785
0.258
0.954
0.004
0.075
0.068
0.974
0.678
0.990
0.929
0.846
0.150
0.425
0.436
0.844
0.889
0.665
0.699
0.330
0.310
0.180
0.542
0.333
0.461
0.947
0.753
0.667
0.450
0.208
0.504
0.799
0.211
0.233
0.507
0.745
0.362
0.823
0.165
0.028
0.698
0.376
0.022
0.810
0.264
0.046
0.129
0.612
0.098
0.118
0.615
0.956
0.798
0.055
0.096
0.398
0.071
0.446
0.981
0.722
0.796
0.349
0.981
0.294
0.408
0.865
0.232
0.781
0.751
0.093
0.968
0.978
0.841
0.029
0.723
0.346
0.031
0.691
0.937
0.101
0.954
0.457
0.908
0.757
0.787
0.749
0.882
0.033
0.776
0.908
0.561
0.566
0.468
0.874
0.223
0.494
0.321
0.102
0.498
0.645
0.727
0.480
0.827
0.730
0.937
0.410
0.989
0.933
0.787
0.150
0.289
0.209
0.703
0.714
0.145
0.366
0.008
0.327
0.365
0.491
0.537
0.413
0.387
0.770
0.237
0.253
0.241
0.006
0.909
0.945
0.575
0.774
0.641
0.574
0.712
0.007
0.197
0.402
0.849
0.195
0.820
0.944
0.846
0.334
0.132
0.311
0.087
0.333
0.762
0.947
0.689
0.002
0.644
0.944
0.344
0.513
0.568
0.159
0.176
0.911
0.771
0.776
0.880
0.925
0.400
0.579
0.094
0.565
0.704
0.190
0.437
0.576
0.163
0.444
0.651
0.067
0.248
0.724
0.996
0.092
0.764
0.126
0.458
0.305
0.847
0.369
0.126
0.276
0.557
0.320
0.727
0.698
0.168
0.681
0.399
0.140
0.627
0.587
0.967
0.567
0.177
0.492
0.177
0.234
0.885
0.246
0.936
0.217
0.854
0.711
0.610
0.167
0.550
0.998
0.692
0.953
0.630
0.647
0.026
0.538
0.621
0.774
0.024
0.836
0.188
0.016
0.671
0.446
0.951
0.056
0.594
0.740
0.138
0.279
0.055
0.373
0.871
0.606
0.482
0.262
0.364
0.051
0.059
0.848
0.706
0.703
0.351
0.242
0.231
0.752
0.424
0.189
0.892
0.513
0.501
0.998
0.863
0.038
0.107
0.993
0.963
0.453
0.568
0.553
0.794
0.330
0.282
0.649
0.751
0.838
0.606
0.948
0.431
0.738
0.440
0.984
0.804
0.316
0.801
0.086
0.761
0.358
0.929
0.029
0.363
0.277
0.098
0.623
0.686
0.485
0.271
0.476
0.990
0.200
0.739
0.199
0.291
0.600
0.976
0.374
0.193
0.764
0.595
0.816
0.984
0.935
0.053
0.495
0.491
0.207
0.281
0.011
0.570
0.503
0.504
0.194
0.628
0.424
0.801
0.802
0.965
0.917
0.720
0.602
0.841
0.651
0.913
0.720
0.608
0.391
0.836
0.345
0.598
0.443
0.742
0.615
0.622
0.382
0.552
0.196
0.733
0.568
0.431
0.891
0.972
0.527
0.524
0.148
0.206
0.509
0.576
0.276
0.661
0.003
0.533
0.094
0.317
0.824
0.896
0.573
0.393
0.965
0.388
0.583
0.722
0.404
0.449
0.952
0.025
0.568
0.832
0.408
0.909
0.045
0.405
0.373
0.352
0.349
0.465
0.844
0.346
0.736
0.813
0.563
0.877
0.093
0.103
0.308
0.520
0.042
0.437
0.166
0.075
0.130
0.802
0.397
0.987
0.366
0.670
0.657
0.284
0.662
0.793
0.395
0.118
0.954
0.783
0.797
0.918
0.527
0.379
0.585
0.399
0.143
0.280
0.249
0.147
0.749
0.280
0.294
0.221
0.112
0.127
0.085
0.638
0.315
0.192
0.017
0.316
0.331
0.298
0.367
0.797
0.399
0.500
0.116
0.958
0.111
0.166
0.884
0.382
0.671
0.745
0.877
0.561
0.103
0.988
0.671
0.613
0.225
0.778
0.342
0.073
0.259
0.798
0.976
0.967
0.891
0.506
0.730
0.342
0.727
0.859
0.526
0.985
0.917
0.081
0.525
0.185
0.092
0.907
0.644
0.719
0.874
0.811
0.430
0.215
0.033
0.098
0.296
0.368
0.667
0.222
0.741
0.423
0.580
0.695
0.418
0.013
0.732
0.844
0.982
0.956
0.293
0.899
0.403
0.353
0.746
0.000
0.676
0.215
0.646
0.416
0.737
0.187
0.080
0.087
0.573
0.576
0.305
0.265
0.326
0.842
0.204
0.310
0.640
0.172
0.404
0.539
0.203
0.117
0.438
0.029
0.030
0.465
0.661
0.499
0.517
0.106
0.782
0.519
0.523
0.438
0.806
0.211
0.887
0.734
0.392
0.744
0.301
0.234
0.280
0.772
0.627
0.785
0.016
0.121
0.043
0.737
0.416
0.740
0.472
0.545
0.628
0.252
0.015
0.888
0.817
0.834
0.197
0.603
0.993
0.603
0.864
0.180
0.583
0.634
0.375
0.250
0.199
0.477
0.896
0.677
0.921
0.082
0.219
0.776
0.406
0.045
0.464
0.128
0.806
0.181
0.433
0.247
0.064
0.580
0.433
0.203
0.683
0.319
0.120
0.820
0.411
0.380
0.033
0.939
0.534
0.027
0.999
0.621
0.543
0.535
0.235
0.434
0.875
0.837
0.370
0.398
0.377
0.251
0.022
0.919
0.225
0.205
0.431
0.393
0.004
0.740
0.916
0.828
0.386
0.837
0.749
0.041
0.057
0.219
0.099
0.016
0.896
0.547
0.299
0.174
0.378
0.555
0.639
0.214
0.054
0.274
0.624
0.801
0.965
0.404
0.165
0.223
0.827
0.762
0.495
0.593
0.662
0.820
0.827
0.070
0.488
0.082
0.645
0.124
0.643
0.695
0.498
0.829
0.797
0.895
0.761
0.510
0.195
0.532
0.300
0.745
0.101
0.713
0.271
0.565
0.703
0.871
0.397
0.478
0.501
0.343
0.655
0.786
0.393
0.332
0.887
0.116
0.861
0.698
0.274
0.746
0.600
0.642
0.933
0.220
0.804
0.026
0.197
0.718
0.638
0.153
0.540
0.557
0.518
0.215
0.736
0.955
0.370
0.605
0.106
0.286
0.610
0.134
0.012
0.260
0.212
0.195
0.498
0.625
0.499
0.038
0.227
0.486
0.838
0.045
0.489
0.197
0.196
0.508
0.997
0.066
0.110
0.145
0.040
0.606
0.023
0.272
0.281
0.861
0.884
0.330
0.661
0.524
0.375
0.695
0.262
0.601
0.303
0.069
0.389
0.936
0.195
0.238
0.356
0.258
0.958
0.513
0.095
0.796
0.904
0.746
0.157
0.378
0.543
0.130
0.132
0.659
0.954
0.387
0.784
0.458
0.511
0.183
0.051
0.735
0.003
0.197
0.197
0.927
0.005
0.265
0.553
0.760
0.482
0.431
0.802
0.400
0.028
0.525
0.226
0.235
0.325
0.556
0.151
0.954
0.770
0.857
0.125
0.577
0.943
0.010
0.320
0.398
0.344
0.454
0.267
0.173
0.252
0.045
0.575
0.924
0.171
0.379
0.463
0.284
0.420
0.492
0.948
0.013
0.245
0.592
0.442
0.978
0.644
0.660
0.975
0.648
0.810
0.936
0.487
0.668
0.255
0.513
0.045
0.995
0.265
0.351
0.783
0.075
0.855
0.088
0.931
0.455
0.524
0.305
0.182
0.434
0.473
0.459
0.696
0.481
0.719
0.782
0.782
0.351
0.065
0.901
0.810
0.908
0.987
0.230
0.831
0.610
0.526
0.469
0.428
0.091
0.047
0.457
0.337
0.674
0.087
0.049
0.710
0.778
0.821
0.334
0.909
0.988
0.296
0.031
0.359
0.429
0.245
0.432
0.577
0.825
0.052
0.144
0.480
0.305
0.996
0.817
0.471
0.017
0.893
0.387
0.948
0.024
0.395
0.358
0.625
0.974
0.467
0.813
0.422
0.518
0.006
0.761
0.488
0.508
0.266
0.257
0.259
0.254
0.388
0.983
0.419
0.745
0.014
0.373
0.684
0.759
0.231
0.528
0.154
0.012
0.151
0.522
0.064
0.546
0.820
0.835
0.433
0.982
0.232
0.210
0.412
0.196
0.823
0.325
0.259
0.271
0.745
0.222
0.049
0.758
0.455
0.301
0.557
0.685
0.025
0.734
0.049
0.858
0.335
0.236
0.921
0.433
0.247
0.894
0.260
0.243
0.004
0.820
0.837
0.730
0.765
0.345
0.475
0.875
0.372
0.015
0.760
0.820
0.422
0.238
0.520
0.887
0.540
0.012
0.554
0.366
0.765
0.441
0.427
0.761
0.278
0.882
0.101
0.284
0.045
0.880
0.800
0.185
0.058
0.493
0.393
0.422
0.687
0.221
0.115
0.247
0.461
0.906
0.413
0.010
0.750
0.139
0.532
0.311
0.584
0.186
0.073
0.457
0.082
0.757
0.291
0.318
0.248
0.371
0.281
0.869
0.488
0.989
0.739
0.814
0.908
0.965
0.231
0.167
0.931
0.979
0.057
0.043
0.304
0.490
0.582
0.525
0.386
0.855
0.829
0.574
0.479
0.065
0.260
0.579
0.670
0.737
0.189
0.118
0.656
0.807
0.924
0.275
0.903
0.158
0.287
0.707
0.639
0.565
0.869
0.353
0.930
0.737
0.338
0.483
0.444
0.251
0.815
0.896
0.349
0.551
0.974
0.478
0.935
0.781
0.992
0.066
0.621
0.661
0.256
0.989
0.067
0.340
0.473
0.843
0.834
0.615
0.503
0.744
0.027
0.210
0.500
0.495
0.810
0.674
0.441
0.996
0.549
0.319
0.531
0.863
0.602
0.665
0.213
0.599
0.425
0.356
0.564
0.564
0.726
0.875
0.258
0.379
0.694
0.005
0.623
0.639
0.121
0.287
0.894
0.169
0.239
0.072
0.927
0.457
0.940
0.007
0.788
0.316
0.578
0.929
0.364
0.661
0.912
0.439
0.036
0.921
0.750
0.769
0.003
0.445
0.633
0.310
0.259
0.559
0.418
0.252
0.793
0.110
0.380
0.997
0.909
0.221
0.001
0.083
0.607
0.512
0.948
0.556
0.905
0.693
0.644
0.066
0.637
0.274
0.572
0.416
0.595
0.608
0.658
0.668
0.615
0.912
0.876
0.378
0.955
0.978
0.385
0.161
0.909
0.339
0.681
0.872
0.906
0.506
0.658
0.339
0.729
0.978
0.146
0.603
0.362
0.674
0.768
0.996
0.024
0.819
0.125
0.807
0.595
0.173
0.566
0.803
0.677
0.440
0.928
0.928
0.338
0.639
0.728
0.490
0.938
0.503
0.718
0.416
0.156
0.008
0.108
0.382
0.405
0.687
0.867
0.596
0.138
0.434
0.072
0.424
0.416
0.392
0.993
0.999
0.099
0.606
0.969
0.505
0.335
0.012
0.099
0.712
0.397
0.422
0.718
0.730
0.060
0.926
0.821
0.092
0.651
0.532
0.712
0.026
0.319
0.997
0.158
0.439
0.305
0.375
0.303
0.853
0.066
0.724
0.072
0.195
0.670
0.865
0.158
0.442
0.585
0.334
0.313
0.566
0.763
0.213
0.826
0.986
0.106
0.449
0.196
0.634
0.104
0.182
0.940
0.069
0.318
0.375
0.347
0.126
0.921
0.169
0.145
0.761
0.389
0.131
0.994
0.323
0.595
0.312
0.452
0.413
0.847
0.554
0.441
0.722
0.760
0.626
0.269
0.725
0.207
0.487
0.705
0.395
0.683
0.667
0.437
0.353
0.266
0.758
0.523
0.855
0.888
0.020
0.873
0.540
0.248
0.526
0.333
0.869
0.727
0.862
0.471
0.286
0.110
0.816
0.230
0.889
0.534
0.664
0.698
0.890
0.748
0.474
0.232
0.480
0.187
0.584
0.307
0.406
0.040
0.762
0.264
0.074
0.947
0.703
0.131
0.103
0.808
0.273
0.196
0.263
0.612
0.982
0.335
0.333
0.552
0.561
0.121
0.676
0.740
0.220
0.523
0.483
0.857
0.663
0.899
0.574
0.837
0.814
0.870
0.964
0.845
0.793
0.299
0.876
0.715
0.485
0.334
0.293
0.710
0.698
0.315
0.847
0.314
0.942
0.334
0.385
0.175
0.195
0.175
0.115
0.176
0.148
0.815
0.831
0.075
0.616
0.458
0.280
0.126
0.178
0.303
0.706
0.073
0.779
0.856
0.499
0.069
0.778
0.591
0.968
0.681
0.806
0.172
0.205
0.543
0.074
0.032
0.742
0.727
0.146
0.335
0.104
0.272
0.103
0.568
0.781
0.598
0.686
0.227
0.764
0.016
0.802
0.556
0.695
0.826
0.309
0.187
0.573
0.375
0.127
0.763
0.203
0.504
0.162
0.305
0.361
0.252
0.868
0.139
0.241
0.436
0.802
0.732
0.351
0.004
0.404
0.953
0.441
0.900
0.722
0.180
0.173
0.070
0.385
0.542
0.356
0.548
0.290
0.296
0.171
0.018
0.298
0.331
0.423
0.613
0.335
0.828
0.047
0.997
0.818
0.348
0.000
0.287
0.872
0.584
0.213
0.467
0.982
0.494
0.497
0.874
0.267
0.316
0.370
0.902
0.982
0.570
0.059
0.117
0.114
0.775
0.890
0.196
0.986
0.074
0.652
0.939
0.722
0.330
0.347
0.788
0.116
0.135
0.947
0.046
0.013
0.981
0.079
0.687
0.247
0.218
0.424
0.793
0.321
0.782
0.273
0.676
0.993
0.962
0.126
0.190
0.849
0.567
0.786
0.006
0.126
0.263
0.759
0.410
0.053
0.086
0.721
0.488
0.295
0.691
0.021
0.201
0.509
0.194
0.768
0.173
0.421
0.777
0.042
0.645
0.656
0.274
0.736
0.236
0.236
0.187
0.796
0.595
0.250
0.032
0.831
0.189
0.787
0.672
0.638
0.374
0.029
0.027
0.930
0.833
0.049
0.443
0.359
0.204
0.433
0.915
0.959
0.282
0.111
0.142
0.803
0.564
0.770
0.629
0.532
0.119
0.633
0.033
0.990
0.064
0.508
0.024
0.874
0.768
0.614
0.988
0.459
0.815
0.740
0.346
0.295
0.722
0.520
0.931
0.275
0.289
0.419
0.159
0.922
0.290
0.083
0.887
0.364
0.440
0.644
0.518
0.024
0.670
0.386
0.904
0.006
0.093
0.027
0.108
0.134
0.966
0.634
0.565
0.177
0.343
0.768
0.417
0.661
0.626
0.208
0.685
0.148
0.157
0.626
0.327
0.416
0.544
0.419
0.865
0.129
0.688
0.855
0.521
0.910
0.621
0.734
0.565
0.139
0.289
0.648
0.255
0.877
0.974
0.678
0.194
0.011
0.288
0.847
0.075
0.532
0.643
0.664
0.734
0.225
0.232
0.639
0.740
0.716
0.366
0.867
0.957
0.786
0.967
0.144
0.221
0.599
0.696
0.646
0.246
0.249
0.030
0.133
0.069
0.003
0.990
0.661
0.171
0.992
0.713
0.723
0.575
0.229
0.052
0.907
0.777
0.874
0.913
0.186
0.990
0.135
0.129
0.972
0.091
0.547
0.309
0.383
0.862
0.785
0.935
0.037
0.545
0.588
0.452
0.192
0.344
0.710
0.009
0.439
0.830
0.111
0.779
0.477
0.283
0.729
0.198
0.359
0.951
0.612
0.136
0.212
0.734
0.828
0.240
0.856
0.092
0.056
0.795
0.073
0.104
0.850
0.564
0.763
0.671
0.627
0.097
0.196
0.576
0.979
0.900
0.327
0.087
0.051
0.535
0.012
0.946
0.429
0.169
0.240
0.842
0.639
0.585
0.893
0.754
0.745
0.780
0.391
0.182
0.790
0.110
0.858
0.867
0.556
0.739
0.286
0.063
0.285
0.305
0.938
0.329
0.828
0.463
0.968
0.604
0.760
0.296
0.361
0.934
0.702
0.665
0.104
0.677
0.270
0.786
0.731
0.025
0.634
0.783
0.979
0.344
0.028
0.516
0.549
0.191
0.937
0.513
0.289
0.540
0.707
0.634
0.138
0.617
0.049
0.126
0.111
0.288
0.523
0.226
0.823
0.546
0.432
0.047
0.087
0.201
0.037
0.129
0.320
0.190
0.693
0.977
0.564
0.987
0.047
0.921
0.860
0.569
0.227
0.110
0.099
0.952
0.754
0.166
0.020
0.266
0.496
0.775
0.253
0.416
0.730
0.674
0.887
0.359
0.586
0.416
0.398
0.717
0.148
0.174
0.159
0.705
0.789
0.542
0.412
0.154
0.013
0.597
0.462
0.410
0.490
0.145
0.119
0.698
0.501
0.988
0.517
0.979
0.848
0.731
0.489
0.130
0.209
0.090
0.054
0.316
0.283
0.306
0.714
0.097
0.869
0.282
0.249
0.476
0.019
0.202
0.120
0.580
0.676
0.638
0.306
0.931
0.690
0.277
0.331
0.775
0.349
0.113
0.487
0.577
0.149
0.183
0.521
0.136
0.402
0.749
0.017
0.813
0.696
0.314
0.754
0.524
0.282
0.347
0.396
0.988
0.248
0.166
0.316
0.048
0.572
0.759
0.899
0.848
0.619
0.542
0.632
0.797
0.590
0.000
0.150
0.435
0.910
0.197
0.721
0.138
0.855
0.049
0.243
0.391
0.510
0.135
0.077
0.504
0.510
0.338
0.085
0.169
0.259
0.518
0.093
0.525
0.425
0.838
0.454
0.606
0.631
0.972
0.201
0.001
0.476
0.441
0.675
0.092
0.145
0.292
0.650
0.487
0.229
0.495
0.484
0.635
0.288
0.960
0.298
0.132
0.447
0.142
0.015
0.581
0.985
0.361
0.667
0.394
0.708
0.604
0.998
0.617
0.834
0.709
0.873
0.030
0.798
0.014
0.251
0.266
0.385
0.929
0.444
0.661
0.044
0.683
0.827
0.460
0.237
0.418
0.624
0.519
0.932
0.187
0.460
0.674
0.045
0.181
0.498
0.848
0.861
0.848
0.443
0.240
0.744
0.386
0.129
0.223
0.394
0.307
0.144
0.679
0.036
0.229
0.310
0.991
0.398
0.679
0.112
0.949
0.882
0.284
0.585
0.898
0.424
0.894
0.490
0.815
0.585
0.825
0.792
0.204
0.006
0.713
0.535
0.996
0.276
0.833
0.830
0.160
0.382
0.822
0.780
0.951
0.503
0.838
0.379
0.367
0.954
0.045
0.640
0.631
0.448
0.187
0.782
0.350
0.022
0.692
0.240
0.803
0.077
0.869
0.337
0.886
0.885
0.396
0.003
0.034
0.704
0.832
0.269
0.485
0.205
0.244
0.153
0.045
0.806
0.103
0.487
0.694
0.722
0.545
0.971
0.478
0.004
0.549
0.034
0.415
0.307
0.050
0.710
0.347
0.707
0.058
0.992
0.318
0.660
0.568
0.911
0.665
0.770
0.932
0.617
0.351
0.307
0.244
0.847
0.791
0.332
0.935
0.316
0.232
0.773
0.651
0.428
0.200
0.564
0.956
0.297
0.759
0.598
0.105
0.453
0.673
0.205
0.325
0.943
0.865
0.893
0.644
0.597
0.799
0.170
0.630
0.793
0.234
0.422
0.161
0.078
0.457
0.012
0.683
0.903
0.147
0.639
0.661
0.531
0.152
0.167
0.468
0.443
0.337
0.653
0.261
0.747
0.729
0.864
0.305
0.081
0.711
0.372
0.744
0.190
0.053
0.078
0.088
0.190
0.124
0.548
0.873
0.917
0.592
0.317
0.938
0.252
0.117
0.540
0.184
0.680
0.556
0.814
0.556
0.377
0.709
0.951
0.534
0.204
0.657
0.805
0.491
0.519
0.245
0.288
0.075
0.261
0.980
0.593
0.790
0.926
0.880
0.848
0.618
0.810
0.181
0.098
0.767
0.519
0.458
0.531
0.354
0.148
0.357
0.568
0.416
0.261
0.012
0.432
0.373
0.522
0.150
0.104
0.835
0.933
0.558
0.398
0.343
0.146
0.691
0.907
0.850
0.680
0.256
0.387
0.422
0.694
0.155
0.932
0.456
0.059
0.162
0.718
0.841
0.555
0.541
0.053
0.404
0.168
0.337
0.893
0.789
0.139
0.518
0.211
0.017
0.415
0.228
0.611
0.796
0.153
0.231
0.518
0.843
0.350
0.791
0.628
0.647
0.346
0.754
0.803
0.415
0.784
0.500
0.751
0.363
0.598
0.620
0.110
0.122
0.481
0.853
0.541
0.889
0.048
0.874
0.729
0.059
0.569
0.035
0.156
0.596
0.799
0.765
0.601
0.225
0.532
0.304
0.565
0.784
0.991
0.569
0.651
0.418
0.662
0.743
0.427
0.033
0.049
0.122
0.389
0.293
0.366
0.185
0.520
0.325
0.599
0.838
0.071
0.823
0.738
0.560
0.214
0.538
0.347
0.906
0.502
0.473
0.476
0.860
0.370
0.044
0.902
0.151
0.995
0.811
0.297
0.968
0.683
0.763
0.210
0.080
0.027
0.968
0.276
0.724
0.400
0.758
0.809
0.300
0.452
0.850
0.437
0.258
0.227
0.482
0.828
0.698
0.073
0.101
0.610
0.211
0.307
0.860
0.558
0.929
0.357
0.212
0.458
0.064
0.893
0.241
0.425
0.224
0.105
0.387
0.970
0.378
0.004
0.895
0.190
0.990
0.890
0.875
0.764
0.788
0.313
0.444
0.519
0.245
0.394
0.421
0.089
0.124
0.116
0.854
0.728
0.057
