87761
96661
90840
45505
35116
45782
55040
45071
31021
83468
62074
96998
53985
96891
37111
25800
51679
27959
50262
51190
66214
88420
70016
01743
59491
26895
66047
75949
34602
41523
01471
59260
22818
27711
31248
95753
73301
52321
24711
92625
06054
88963
44022
86973
16000
07451
07451
15871
38393
98113
88077
60736
70609
74286
93382
35173
48452
47071
44286
19679
08022
55069
20546
88600
38694
72687
42275
37824
32622
62622
99924
09507
87673
50959
51419
53820
09877
21381
83241
90599
69071
40228
05155
08003
53256
52467
69413
97503
79645
87496
73330
01190
41212
13896
67011
29647
89765
94022
91118
02188
95727
55125
29502
38501
88019
30610
98133
45143
94905
98894
96571
41084
77148
76561
56358
58858
40585
94558
38015
21133
42240
72955
58653
26732
11076
70710
50977
91770
31028
78094
76171
64376
20907
20599
35793
38971
13181
46619
38022
69043
73926
59823
93532
85272
92810
51508
40561
50509
37645
56997
84456
80365
60369
46451
25665
93737
80309
33200
09859
52610
43653
97973
40180
39896
35879
95347
93398
68892
49249
17802
01921
82545
07482
83017
01616
62092
71365
05627
77135
52069
05096
58814
97472
73553
88096
72407
50083
02124
78072
49622
32565
90991
99790
51500
62761
75552
18199
09599
83657
19011
28640
10281
98639
51214
28811
41743
62357
35339
58491
99800
50792
52074
09931
14242
65481
58693
45831
91033
67574
07133
47699
23938
37455
81873
94391
23300
55977
18258
25916
09725
66348
39424
28958
43378
22666
20972
66518
78623
07021
28943
47219
88564
19992
96601
94507
94354
09015
77943
61058
45658
53655
05237
46311
63829
68201
87421
64943
06039
37116
13844
62345
35201
68283
42585
66880
17739
18970
74770
58124
51944
49204
75283
10132
23180
74462
31696
62847
67212
54065
45661
23315
81372
91385
08299
14883
34009
53167
19204
52956
82785
98757
93311
35829
20560
42837
67459
58992
83642
72543
76027
89728
27638
42549
06552
84463
35242
76446
45122
85257
19258
60413
97724
76650
84258
33934
32265
90136
12116
96067
45663
19860
92855
91171
04599
84131
48501
75016
61990
13332
65785
41636
97954
35568
76870
01256
43646
11375
39373
32622
94525
39144
73528
30644
93750
46325
65609
82838
90192
09237
30578
68827
14732
50560
36645
38537
27693
97310
60129
59639
92599
26658
87660
54734
62047
83142
91746
88539
64473
10955
19781
48477
56473
14124
88035
54019
86093
35217
54385
25474
01900
54291
98619
81741
10724
96605
75805
13889
56748
21485
47532
03587
37935
43093
14459
98216
16548
85920
63861
83317
39877
43412
72844
29973
01589
29952
58784
10110
63839
80502
70961
67104
71619
32858
36737
58194
89296
73175
11280
67110
30124
57462
16784
95106
41615
20714
02383
49329
94364
73824
39359
14290
74112
44632
07636
37402
32635
75355
15889
60830
43549
30381
36584
15512
08875
98530
28238
65352
97478
10774
33823
04179
69648
12265
08217
65663
76209
82697
52235
20300
84163
48188
39990
25153
80948
81897
96283
34782
82182
57087
52321
40241
05647
21246
95422
27250
97690
84542
44475
40213
50722
13399
79905
29891
05972
32397
46073
76519
38107
80452
30055
65953
17430
82393
54870
49307
17814
03803
95114
50880
94906
60030
23001
99175
43815
57038
76203
99266
11224
42959
15616
69593
73972
04624
06983
98965
21536
83302
68347
68274
39640
64841
44729
76147
63374
58178
84935
62691
02497
15111
84225
24817
92756
73020
98018
99615
21702
92609
94183
16752
14852
85054
49019
80293
61153
91355
59916
26751
82614
62130
71262
48125
88496
56903
27811
50362
08169
14478
64312
87828
54720
07028
89757
69993
16009
40109
53592
59422
40674
62770
12242
06857
97581
46487
84365
95490
65798
35987
53936
72331
04809
62628
92686
04930
43539
96831
34995
42927
46092
68041
18811
59027
08752
56158
86152
25820
03848
16219
87649
83028
34011
48960
94687
21459
97680
71498
82069
88462
13384
84062
30259
94385
62596
54952
45023
07200
61907
03321
87774
28454
96484
02672
16705
38828
51498
68312
98514
22826
60122
26469
07933
47584
07431
27333
24654
32420
10496
27572
80940
05685
31669
16165
86513
90954
07767
78954
87053
45428
65536
57145
37733
51073
76868
73649
88466
72001
02315
73434
09560
62655
59883
62433
36034
28794
80230
50217
96100
73297
30468
38923
89682
38088
06275
85957
54772
98037
02979
46492
98408
69360
08442
82179
76083
16340
71186
15607
29756
91406
13690
37684
51885
51643
94098
27305
66355
26803
24057
54808
13522
77890
06456
03990
91797
87182
52619
51933
05624
95423
27317
89686
16993
19843
53744
37341
08958
92085
25223
40522
05223
07917
50927
62112
07570
28950
48125
78486
74566
32623
99819
34408
66900
92452
39249
97429
09737
62887
71863
80204
46951
63941
98243
40472
53001
71401
26251
71951
07484
47948
17076
08941
27778
17046
21308
11060
76066
09776
58734
91406
04930
21638
57342
57133
49027
17194
55635
94656
96488
99261
76844
20493
27399
39406
63117
20266
68692
06983
48706
43065
42657
99088
97747
75245
17125
95796
27794
66400
92924
07049
66244
52434
98568
58656
17242
18813
98545
88509
47222
75534
92027
14675
81055
27544
88959
25658
73305
21651
37107
64516
04893
96341
39254
46624
38814
19288
81188
21610
65768
44839
61792
10704
86163
77254
73010
70012
27000
28076
71799
17573
22970
49877
24804
45682
23364
21849
38744
08639
03668
75448
91913
35427
41265
74030
66031
29021
91689
60591
49123
14082
67739
72729
69258
98973
04369
91432
38478
85094
95534
85434
90373
53151
13628
63966
31494
69805
70751
08046
14220
44998
87402
79947
65722
41382
15263
51961
51211
36151
96108
87401
72954
56979
28569
85736
75348
86300
08942
05817
02332
96092
31089
63336
49307
93830
72561
16967
25890
46470
92755
09394
21625
77743
37019
26935
58406
15693
36168
01453
12471
19756
36165
85770
60777
05145
83567
11780
86688
18402
31274
09255
60877
19056
48341
17753
60702
40278
72114
03507
68481
63332
52945
36792
85855
13753
63543
11317
24995
02174
66768
71364
28997
17277
02758
79350
92596
13803
92149
94345
70108
48407
01356
52769
23493
19168
53381
62704
87755
64505
97388
88744
81502
87821
42406
36649
41635
28544
18463
93741
85849
60015
67223
81215
95146
81843
86126
95982
74414
23947
98127
93134
70524
31499
10550
82359
36088
41654
23293
72523
17974
31112
19857
26391
85007
16325
20266
02118
28310
23529
02024
22792
91856
49654
19926
61535
61069
76984
77306
17375
36571
54650
35726
66521
31104
68184
59792
23340
97529
30571
60378
37383
27029
58484
63082
67100
08500
39785
45441
04173
68199
34875
64463
40546
90600
92923
40023
93327
25845
44084
03975
57263
56554
21351
73334
39058
58052
07334
48487
52110
72478
58317
86866
22453
52079
75325
23270
46286
41498
43094
88181
82709
30892
73378
76224
15513
44223
52606
45669
20629
37024
24975
31453
35046
20232
60650
59651
07078
11926
59752
85634
20037
62162
04884
34272
74758
43221
59867
39473
14903
51020
11968
96970
93253
85382
32584
60463
94666
79718
10287
99596
91199
64880
13613
84227
91596
11964
69963
71620
53290
33229
35379
45920
03224
72977
95423
04729
26231
06567
21673
30515
28168
48223
72242
19631
20165
38466
05890
99559
68368
39029
77233
95096
20136
16346
69498
62469
35681
66677
81270
09463
95690
71551
04552
55484
24734
65199
33807
46906
43595
70410
71773
01317
87757
96588
79502
87985
28948
96399
40696
40023
70301
94649
41360
89207
57904
39315
86768
66230
98477
06175
30818
93570
19086
42718
08188
04210
65863
79992
29899
31384
82298
42424
85671
54510
68433
07110
16477
68801
76827
21301
47833
09947
85611
15830
06399
24613
15764
25985
80258
11777
36557
36952
03894
19902
13878
67099
19285
94918
38454
52666
86754
20802
64290
79424
46412
63947
22232
22622
74491
12650
82845
78934
97386
47581
90975
31008
77524
91833
46280
18103
64857
02793
43711
87051
12545
90667
53627
84258
74352
42976
94942
26493
08330
25023
75167
78490
93514
27368
77825
02619
21077
39804
63947
37286
66888
92034
90203
74864
33451
68235
49888
01526
88113
80504
18281
04290
48307
21216
98028
37442
24284
39392
79374
78126
82252
86347
87868
27095
46114
13462
35161
64145
67866
17746
32612
38217
77578
43991
21995
01981
69980
72555
62581
45991
04145
01498
44460
95981
26573
44660
13530
13531
85023
93623
50290
78648
86643
85433
29546
03441
48099
40359
21075
83545
94764
44616
40370
53333
14385
75141
84372
38018
43739
62379
37629
52836
88120
15696
03574
67686
95212
65592
24893
62928
81253
46799
02349
68878
75668
84644
86327
95639
82408
63657
83071
89643
76713
18983
62223
71854
95349
11938
94388
89874
54382
30879
56722
57451
23829
05663
82415
51091
97343
58519
21092
88231
58819
13068
86813
53238
41358
93728
85689
99864
71638
67560
69325
41495
41167
13882
68893
46861
60861
60507
90930
31593
50550
71441
80586
60519
03152
35514
64901
11594
33171
13389
21501
51722
04009
58695
10342
11738
21188
33398
36908
99129
09598
56355
95814
80375
07717
75958
10197
20171
60344
94312
75074
07464
91050
09746
34269
65783
76880
86180
28790
20794
36238
96086
62309
65327
77836
27232
82108
98145
35784
52314
22308
02018
13215
02628
65779
85398
81801
68032
74199
34015
54558
78880
33249
45194
55009
16106
73009
56920
40673
26801
26262
14597
09947
98518
56098
74021
54248
13542
70454
59744
94575
94806
75229
97732
40085
19431
24289
59910
89957
37696
19947
76912
62645
48436
20605
73258
44203
87964
04512
26424
41956
50630
20016
62061
96283
70110
82444
17324
02787
08981
78148
37337
69443
43246
86967
96941
74582
83277
47995
20528
35294
27661
31301
95848
07160
97415
22752
16775
14336
14515
53752
61027
70795
15985
79405
25921
20412
95389
53129
80786
55284
94392
32131
10368
34730
77263
25785
58843
43151
84570
35890
96134
85589
83979
85917
74051
71164
91563
92471
44408
66108
31453
89036
31162
01598
32583
01251
16636
15175
08018
88028
12064
71772
51886
38681
43316
79330
66378
95290
85764
54962
11721
64027
54296
33343
41587
07134
48697
75883
27586
85962
20741
26355
62316
08415
96555
43738
12536
73136
97414
10819
72583
65896
43198
63743
66204
37868
62548
14851
75835
96512
51553
69609
58310
06369
30956
31539
25987
15073
50150
75102
88562
48132
77263
43904
22359
31092
71472
49508
18569
72505
87766
43377
33239
09188
17645
21853
12528
39837
71359
12615
40911
84268
25975
62573
33707
42826
45886
06117
96700
36601
19371
40929
25017
64054
72764
70725
14744
91229
63638
46877
12865
64423
44754
50073
87004
42535
71301
91433
48552
89567
69017
79123
43371
51954
55642
84252
99299
36224
43318
28333
91555
27129
55352
96793
21087
04893
72427
34261
03992
38883
35940
42056
45223
62778
24942
49997
58801
89789
90462
80593
91594
73146
07019
80586
43613
75467
51649
80460
78280
39572
40279
90416
34866
15411
10180
65439
25563
20518
77795
69914
56069
60261
13546
51198
53921
97146
58857
56656
01766
01065
76306
57884
14737
53767
90832
01316
75669
17415
39923
29079
92501
74448
51850
71514
76992
05159
80796
38664
85670
02898
98104
93659
12133
42401
97960
78711
34197
73167
55525
69334
40718
62330
15439
11089
02816
59048
13427
26308
18510
03040
68769
27207
18485
05406
49930
18368
90493
67137
12566
71559
74184
02963
41772
13694
66102
64558
72727
81853
78314
76081
02917
38867
63718
90475
24293
46785
21071
28199
22043
37332
30655
28244
58557
15792
74862
54846
10273
91846
45502
68475
37303
51822
81810
36151
15358
59385
85594
05615
68935
46223
45465
66838
44831
16530
67658
39382
12367
27044
34006
10116
73133
89805
28172
84409
70666
06114
03802
32385
24530
52497
72002
77491
87994
35946
21456
18669
73267
13460
70595
76914
02387
11320
20513
30209
83047
96231
40587
36122
22655
73280
41648
54668
47289
75640
56898
54140
94082
19542
91481
26877
69253
39700
92038
04094
52319
42642
43615
03468
22853
97362
36716
18450
28240
53826
07202
15037
58959
64858
57808
04747
75476
67916
90642
49294
13138
69409
78738
95207
47206
66424
20281
67404
85990
13494
83631
25824
46656
12521
02993
88625
67329
87158
23863
43853
07772
79422
92255
86355
53320
87704
79483
59173
79695
11501
10355
03183
24654
94943
07792
45655
05746
33345
75612
19434
42964
81081
86974
32220
53918
91599
62718
44790
15972
16514
38947
79819
07166
03239
37937
06029
28438
82071
62875
58671
90489
62145
47248
50488
62076
39737
71474
86831
18207
51728
08406
47655
47988
84637
14582
45670
54133
41122
74425
15812
76234
54613
04199
88294
72134
98754
72676
64172
13765
54805
49713
10293
14097
58702
58994
82753
39891
59724
44300
12093
19325
82757
49468
88110
82674
40718
90270
02045
51965
20665
43711
74628
37664
05165
40276
06433
77161
74546
53771
36693
77565
74384
16518
96534
85001
09285
82378
71940
77000
33321
92286
08939
28647
52761
88812
57226
13090
65481
41855
04567
53828
46777
46362
08811
92236
19559
34467
33010
63522
90644
36968
47649
36112
36792
39871
19137
70370
37081
39220
98545
39089
88725
72744
81030
96946
10699
30045
59648
33140
59927
47663
89177
69737
19110
62051
52323
34171
46778
62979
62780
20771
15234
32501
33754
71862
98771
90550
90535
04511
05808
98022
99193
48153
26974
22040
64454
36976
75575
68478
46118
63703
77474
84747
86869
11721
90076
62299
55922
68981
59692
80743
68958
45033
55765
95229
96147
94092
48861
26685
68003
42939
64178
43622
12341
08501
22038
37811
35886
97508
33614
59236
76548
29564
78940
47974
54122
73274
82742
47026
95787
20793
63527
28706
54891
51296
80689
23001
87158
42473
40222
91380
45046
58224
02020
24523
66756
41662
86392
85906
70980
26573
86075
41380
09692
75728
82143
49322
55088
09500
73804
30822
52725
04629
88481
40688
14735
82708
74582
46002
16710
59145
70565
81197
11971
43138
29057
78923
54716
07795
62918
13448
18815
77332
28452
18505
93770
88512
50606
81587
88775
03495
13251
83207
38298
36605
68552
40969
85673
67159
15257
91605
84264
68486
20498
11958
07204
57584
66376
80435
55631
11358
56045
55275
35850
81201
58056
89081
43363
79297
31239
97652
97233
41037
29764
17285
18714
49936
37612
62764
34014
72850
98212
32595
55204
80914
02407
76765
10918
40668
93770
72230
18374
12900
85952
64161
50675
23402
81873
65235
86638
75778
01522
68569
47333
94798
06689
52288
56904
85110
63572
89136
44879
77028
37553
45686
63249
80193
25752
84662
30959
11401
59762
71222
70176
66388
13903
57867
62803
63868
58080
81434
80967
18854
50157
46924
22646
53207
54418
34755
59428
99394
32321
70462
36404
62369
24347
45745
77481
48791
96857
11920
32402
64038
76410
37227
31002
91831
43816
11713
85569
95144
02359
66956
60449
11540
51698
37345
17176
46407
31849
69003
91558
22135
62713
02194
65319
78300
44180
55261
19996
81542
72164
36550
85102
30472
20662
81380
88685
65225
71640
40377
06108
87626
74143
25148
45859
80564
70323
41039
39083
32466
77372
18210
23296
65134
56487
97158
14292
04553
22972
78981
97437
95031
80839
56098
36937
64174
82317
62327
07804
83935
88914
09159
93554
10129
85053
15186
26145
71036
07248
47820
71986
47935
21463
58947
48288
27852
14073
29402
56711
67725
87272
62054
37562
32469
88414
99284
21487
85113
25468
10577
60082
51294
26075
47556
29158
28820
26255
84777
78295
07201
78200
75830
66567
66790
90235
18116
41306
18357
82522
61773
02218
99996
99821
93075
45204
58061
67644
30429
54698
24444
37972
98413
90200
66565
82606
62322
25080
33107
52014
46796
38288
75827
15569
77152
87001
14758
69409
66582
90310
46071
44359
69005
37174
86026
14111
21059
75874
15614
90792
80687
77459
90157
89640
95670
94924
96175
84235
95302
72621
93080
51050
50447
54549
32300
36335
22898
25230
90666
65459
33059
98820
89342
55253
05139
33684
56448
05931
66105
97509
28753
12384
27728
33746
98213
73139
12769
92536
57763
43004
34063
29690
04510
49323
77179
96893
30605
44808
70557
32355
46282
39455
84596
58082
38308
07451
38715
39974
43962
88002
46875
46523
29089
21476
09739
92335
30890
86615
47995
05355
11746
54429
46195
40051
50803
68094
62108
51338
30802
05275
78276
42971
42183
04446
86657
87243
76727
69850
25468
73064
04232
04515
32145
93704
37969
85367
50494
03735
58649
49983
03770
84411
50641
84693
41737
78445
33351
82155
21911
40520
21493
58064
70436
85795
17306
27082
68747
23495
10318
28174
15392
44117
93638
76644
09772
96542
38036
47211
25533
20940
04372
54748
47404
97508
95669
40854
80061
34355
54541
41535
68275
50302
92005
67222
99138
28404
22685
35616
14258
19809
67384
18716
17046
61789
61292
89463
98162
93720
35158
26487
64479
62349
41160
42705
30540
92420
93849
02725
63729
59191
47026
87153
57836
04928
87690
66661
70646
46679
94413
54604
75605
95979
97429
69121
04688
69628
82719
35563
51778
41032
37866
05616
94638
33430
70167
13179
80358
31358
18378
28384
78184
28352
86023
17642
92946
33240
65428
20442
98965
85830
01727
71084
12275
41534
90583
35014
08709
34845
22103
17945
04658
37845
14650
86726
16607
68052
41061
21515
96216
01029
46105
38951
29930
85622
64592
13254
14003
67119
62670
35195
34333
43675
30900
52706
74025
57490
91439
84041
75149
57602
19011
35995
79235
70699
61148
98340
71827
69684
49055
67916
90851
41446
50277
07026
63211
03838
69405
80816
46199
35540
96960
67735
46090
20108
12878
56893
05480
96114
90801
59665
49926
39090
45245
56427
16434
41712
28196
57839
37886
83440
03364
90462
24208
06970
73827
77854
85717
54572
95244
38103
13455
90290
45174
35165
93154
15072
22273
49691
87640
74056
33276
49595
79378
46791
72325
07523
62704
52607
48640
97059
33057
78769
26379
21386
35762
26782
09644
67133
49517
16502
73928
79882
08602
42368
05164
89940
12616
89477
83076
23640
53675
23906
09883
75083
47168
71246
57419
69815
10647
91989
37538
17497
82341
61425
88665
51329
62756
61297
21142
58813
92844
05108
94608
97668
74912
32710
15911
49293
31113
57605
20098
94064
42991
50660
81354
72064
39444
78645
70405
30081
57652
06490
88745
08491
49169
85504
73636
07736
10985
31458
14767
44303
74271
26534
98762
46701
96225
72360
61315
92792
96093
49700
79778
42131
17697
29119
47025
61850
71937
47533
54024
68896
26318
46122
05864
78765
12661
77198
90526
46978
53875
10080
70810
82673
05993
72647
17879
11664
72028
65163
91611
34795
88645
22632
67282
04301
33406
70953
27026
93572
36795
16582
37480
91193
49136
24057
66572
08542
05422
79192
87846
30138
61426
44428
41673
14907
62904
95048
63477
59000
87043
77661
54630
37018
14532
67054
24585
40870
37913
12281
26407
62469
52355
99095
48403
23976
05933
17752
76898
82388
93340
30438
55693
09924
34202
09840
25847
77256
73660
31494
36319
64902
59288
38776
07853
36318
64364
23874
27111
24313
56401
22134
06237
54522
29188
85111
41616
23260
84713
98894
99001
95539
08921
62571
48781
82588
92370
42554
60236
87183
55185
38261
40180
94545
03956
86800
16572
89320
63465
25866
48256
77917
43711
18850
34989
42991
24717
57577
31832
98363
49530
35494
94714
77880
52380
24537
41695
32522
08982
22480
02970
60180
45074
94926
52982
05305
68008
79141
41391
88030
70573
90251
32629
34040
96814
44515
04268
27088
37522
57620
67845
93816
03213
92335
07853
07827
65694
79731
76500
36178
61914
47246
08035
22914
03125
99736
05116
94788
31602
21931
31313
69933
52626
36607
29501
71502
95262
59980
04045
39529
12955
97799
42680
25788
80691
26486
64236
30440
43375
54838
24635
83504
07975
81620
23171
62822
13532
40226
33710
86676
88768
10217
03154
64223
05916
77416
78045
19494
44193
60625
07304
21999
19867
14184
24586
33265
59091
64877
41961
95074
92945
71093
62596
14396
66064
47489
36712
46990
18630
13760
76587
11698
26265
55102
87360
71856
97109
42474
42399
56778
49363
08671
08504
41976
60790
74823
58853
96765
40228
26724
44780
17627
08941
35649
95430
86279
84994
82989
98459
26919
73738
72269
19947
34713
50727
33398
98214
49793
14140
17287
86955
61455
32799
63383
37388
17036
53901
03813
82805
86648
10175
45568
09186
67977
95731
01459
47497
90451
38368
30745
02623
67668
95197
87277
97592
25743
97979
06480
34296
04208
17314
75076
86244
89681
92092
55881
85264
62269
52862
41105
64750
15926
75309
12718
05012
17076
93145
44405
86407
95447
58954
65871
17658
40043
17734
26484
16216
52295
10895
83771
72652
42697
86702
89918
70377
14312
63924
74398
29578
61693
45936
12865
30553
62239
69018
65893
23968
45107
45937
72184
05072
88613
92004
58909
95336
55951
41835
43837
21237
91588
62028
28483
17557
84677
62808
53150
76233
33760
28450
09864
77489
60072
25070
93965
16036
48401
32510
36671
60480
80065
23970
44149
02682
80364
39701
01160
81648
46277
43063
12709
59359
97678
36638
78698
84339
86706
97826
79515
13366
43703
72557
36280
07509
23136
50151
39218
97249
72629
79701
82895
54574
47484
40792
41887
68916
78106
33549
95902
79266
75081
57061
03185
46102
71419
80494
66951
01433
11278
56988
69537
86257
34523
12685
16762
27012
57626
07485
39174
30954
01558
49579
42514
96436
03785
17309
77803
62052
79840
24320
53590
46212
23713
85839
54863
87870
75303
57911
98631
32310
42492
86303
01663
16106
27144
56103
63598
36252
02757
50121
70999
83714
98692
16018
55995
75491
77915
94485
86980
42317
80023
41364
59775
46837
92423
73287
77194
32978
13756
92070
90134
33371
21892
94453
39586
34686
86753
13280
74715
57222
95966
69151
11829
01920
19450
59284
09050
16076
67077
03272
09297
85881
75912
96958
81089
29587
48506
05944
76694
27832
29051
77548
25094
79180
92852
95924
89506
31601
67736
92108
57319
97711
34080
52143
94486
78107
14729
66512
47063
59565
91334
84087
77380
36342
09278
23354
63274
92248
35662
78203
81811
58074
81193
88588
50382
44045
71102
28227
61312
28494
42860
86425
67570
64792
39749
73524
75381
51467
77037
79308
81881
08971
53772
42708
01306
56648
52590
25491
28329
91351
38315
94698
56083
95616
87152
41881
04124
47147
62182
11261
31073
42996
49731
68288
03060
59559
49081
78176
76738
18022
82276
19681
38286
21268
45710
57041
13445
90843
86653
65859
96871
98006
11057
11339
98135
14743
24837
05564
55081
07393
55061
73104
85102
69253
27783
02906
74490
96632
76615
42166
58295
04111
25304
02863
30724
25337
48918
46186
73133
42075
61319
50694
79314
34744
26616
09405
93718
25415
57820
60222
65331
50751
84306
51812
51533
58910
86213
07039
20841
83726
64902
38332
01606
56294
22038
14670
62464
67388
52663
97143
33360
70171
24504
85066
93236
39112
64527
11435
80931
67201
90586
98206
22627
15563
56711
09203
80939
86289
23920
48341
77592
94630
69959
64347
54860
07421
26065
26111
95228
46793
95304
16721
25609
27478
20781
46076
90107
92902
90758
45626
46881
88785
30096
13195
26731
41419
83176
61329
95093
84532
49427
31474
08986
72084
47513
13011
05386
36047
78552
54716
14182
54472
67136
75224
15570
72109
76660
79648
91337
08863
44256
69198
78890
49663
31076
72800
75759
42026
42572
12927
34674
92243
40363
81067
12937
93130
88420
37418
97654
29837
32786
73360
87493
25550
82093
90118
12849
27067
95981
09411
17872
62976
05802
20750
91503
07679
62711
73106
82982
56830
07145
95698
24751
29831
34194
37033
96966
21905
77070
92780
74535
27867
03544
19375
43782
17351
93265
57557
14841
22782
69224
13198
81039
46098
35351
48769
10284
70676
47768
98396
51477
74399
52219
80279
74921
03318
35881
95682
92221
11558
03263
03742
84274
17147
69017
32072
83967
87971
37909
66521
11243
40825
73632
52002
51851
37470
04397
45549
79002
22082
39617
53818
47730
38933
31489
99704
14532
52383
70376
72380
81492
64862
04900
19102
49423
06516
83668
98235
27511
95481
50512
37052
46941
56494
92238
60330
59656
13850
25938
48119
56082
40838
92967
91842
59539
03296
66719
93991
03982
15457
78621
08761
26539
26361
18295
08652
09041
17728
85063
99129
53146
30319
81827
27911
59597
31178
17507
29093
62272
62178
96488
19379
04385
54388
52826
84922
26311
58933
82321
19764
78685
47809
47682
81978
96950
80857
52832
86528
46896
81679
67954
51642
32691
17078
98425
15839
03061
26978
31235
80064
22169
59499
56834
61710
58054
63611
91291
81287
30971
20226
84124
01075
83411
15239
01893
21915
31694
75762
57778
13756
92504
13970
84664
55441
09603
66682
27761
09115
23260
83638
73538
11749
10316
34642
37702
72357
22546
63606
60691
69518
77606
22204
92544
32523
36401
93822
28535
89594
75426
61117
91922
04252
21464
45596
57390
35300
49596
11811
17186
65755
91630
54970
82236
85954
70525
79791
68737
23780
51530
23158
65743
44475
24752
36775
42826
51656
51575
27043
61355
36690
89835
79101
04086
43914
68882
01019
16252
01438
85971
78670
44579
82559
48818
10040
50389
37994
31642
96819
19626
28712
80084
25105
80167
90807
59363
81118
65217
33275
17242
66650
77045
85430
08665
21920
69041
94174
69353
59058
28726
52266
99508
06428
35899
58387
96312
15785
55960
56530
63819
54267
55694
47659
17592
03329
19941
91430
72151
83086
33750
35523
92623
98211
66512
26548
15190
43274
34551
82429
50168
58812
14434
47711
92869
39332
61422
34924
79411
83145
14162
02455
91803
80864
78288
45429
29949
71508
53288
65832
97215
44230
72631
90582
26560
16187
03003
90734
49381
31999
23623
04557
91417
73599
77411
97254
95379
67381
63462
20390
44101
71783
60327
03662
24342
75013
99185
90405
98962
30414
29148
40650
47635
10792
39555
75842
37897
76244
12962
36416
79318
61211
64208
65707
58742
03632
65452
97141
28658
69834
18711
08840
26824
94627
06423
27300
09380
21908
90880
49436
99304
77388
54291
56683
58013
01311
53928
27496
26119
54086
63371
13647
45590
86677
19157
06079
69305
22960
70107
35304
57008
31573
30465
47468
77874
03046
49322
86833
21812
09483
83081
57054
28135
29016
81274
38080
55231
96630
91497
70531
75316
33107
64687
52843
36967
14105
89823
51770
55102
16612
97594
62334
77571
55332
52345
05259
44574
34787
70913
77038
17415
39361
22354
52169
44169
91089
73582
24717
13502
07170
85944
67341
18077
14572
06387
09950
98934
58953
25606
90686
81987
70253
57042
16771
30834
37370
42173
40010
09769
25291
76643
80792
36910
21620
91528
87916
57363
33225
88570
50607
37049
77456
91685
68619
87108
39921
20527
33176
09338
28831
92289
77005
56036
06511
23053
09170
43514
37333
61283
08870
12446
60310
52627
72601
94582
73705
79832
66761
46121
31646
46806
45781
98345
33780
80195
30443
77255
60841
05912
86485
30735
51484
93951
55794
38267
40992
77000
21535
12101
15956
42443
60960
02377
84032
46538
31102
79792
55776
56719
76761
86491
72455
05662
04818
21683
65935
46669
02846
81541
03813
68905
76917
32376
98182
21443
35819
43849
36077
53066
60240
36307
80703
73520
31398
34546
28376
92595
93384
99008
52838
81841
48695
38677
91169
73821
21813
99071
19610
09066
54178
93845
31685
75738
27559
98757
22046
91266
46724
52556
45225
52571
39156
76671
19405
97049
17452
02357
38140
79988
54255
26153
93167
81658
82484
17738
64887
55276
32725
98890
52230
30200
96037
65793
47585
65626
10900
43942
47130
60241
99572
54438
54597
91228
19038
27318
80783
74449
06504
85747
44622
86318
48972
25750
95726
89625
68158
62915
46104
73484
68276
28921
49712
63736
62551
82881
09459
21423
01833
58780
66922
16014
58556
28830
76678
30249
02845
40400
71176
14557
37793
69738
29139
75877
31286
34206
53687
71957
48145
80376
21410
61454
32436
71916
93167
98428
64005
68221
30348
86984
57986
58716
28025
42450
64773
95864
17222
71883
24926
62200
47982
63329
44233
39787
79902
96010
99359
53720
30887
60748
90119
96296
07248
50285
09594
55881
97397
60521
65105
65901
81183
51412
33953
07640
69296
55850
86462
80213
38121
43580
42443
35419
66008
53999
49888
18772
83876
13440
29747
76660
85045
33947
96268
70726
07890
18529
73138
08453
39642
90353
92274
66481
20517
69601
03318
53363
57353
29744
54412
16761
93164
96477
60226
82878
38516
42197
58754
94938
35384
14698
93789
67886
92292
54390
84980
49260
31882
21897
50237
48071
66770
31680
96604
20400
99222
87420
45152
48383
41153
55505
90045
81031
34980
97397
14179
82375
52155
61827
23885
99596
08438
87069
59963
19568
95937
48930
12599
79696
23495
59515
06489
79827
70361
85408
35429
44314
53804
72350
83761
78769
46409
83845
58889
12666
12560
83561
60749
80517
66974
59029
70515
82106
91715
59765
93229
06434
69215
06067
35304
51451
77401
48106
41531
16956
53196
06800
72295
04547
96365
87891
49702
15178
68447
87883
10982
22518
75782
34863
04196
16669
21420
92297
37002
24491
22586
54989
11961
80042
58135
35095
20994
62929
47656
69602
46766
79448
87451
10985
69458
75435
42413
12948
29176
92200
47247
61089
83837
82208
79733
93615
44089
89854
79581
89785
59296
76067
42016
91729
91089
91693
87626
11974
30484
67009
66872
92096
29407
22132
38891
69160
63123
46942
47251
08305
06120
03835
48885
83878
24333
95471
93923
37004
18095
28800
14347
18246
73915
86283
69104
89438
68228
84049
28301
42554
38530
69389
99532
26006
54392
41764
19811
14784
74724
33351
12633
69821
78633
05387
28221
66762
66007
52002
13080
44227
58302
62025
31465
61722
62622
85791
37267
09952
88115
33610
77070
86909
58569
61734
84051
67119
42444
57348
75441
40710
04309
29230
51100
96345
99848
23095
13233
14629
14732
15349
51200
90224
79219
45443
91822
93628
32924
08171
10550
20315
02409
68345
06259
76062
10039
34549
23667
78287
54415
34691
56849
84606
99867
34097
28083
41273
53423
41466
99288
58653
27809
26946
28471
52694
34038
98574
80123
55203
13062
76570
35704
20387
53542
99669
31934
33947
48466
05165
49118
05876
69197
81286
12883
65554
99810
64052
54647
14367
88307
37651
24578
11988
28034
88140
86680
96968
40267
75948
28757
61691
45976
42371
99128
61669
35546
15371
25629
97916
08166
93419
02120
59182
71392
77189
72190
94109
80931
08407
36606
69622
81253
71140
32414
27458
60053
88388
64330
81613
43816
16185
59960
24543
92526
80750
64195
85920
64616
08269
35926
33307
55391
98349
10678
46158
25565
90892
49260
71078
26047
87699
61714
75072
93961
68290
74972
08639
70821
33204
99014
11499
06746
56980
65095
39023
10651
65904
37193
55414
29434
65971
59583
65556
41819
49947
09280
63761
09005
05588
63186
59692
02777
61209
41654
70747
56103
45425
22714
53595
71142
40318
09754
44867
37913
29222
84445
12796
73292
30270
88062
29631
92860
76278
64301
18532
22614
49308
13031
16456
02080
89304
84911
71683
82429
27347
58612
71653
62260
32316
05496
61760
05813
90856
69253
36118
99774
53441
31453
16657
55737
29304
22141
67079
83987
62365
06670
40894
16165
30666
18925
20895
20731
26440
36323
29563
50577
19620
61930
59237
81889
33871
30596
53222
18486
87130
36194
90755
97626
84433
64551
29085
95143
06868
21456
94480
24388
87659
07844
83141
78044
74624
42902
26879
25255
69430
28671
91841
70328
51593
32215
47416
60366
35949
08879
23694
38323
89601
19401
40863
10853
41710
06010
49635
03197
38081
13557
52067
55196
55398
61760
02383
72038
23740
45259
56175
42578
78833
32050
51173
64549
22892
93218
13549
16174
95454
10790
44230
25822
72045
88892
69587
86177
14347
20053
71248
30621
54872
21147
14675
93124
13482
06279
27591
91372
21369
63095
38516
02946
28141
19170
42373
53207
31443
28402
89207
90190
86432
09037
41575
42112
62200
50122
63016
27309
90301
55898
12928
87510
83260
33717
51536
59481
47572
73073
30553
76502
97176
33070
02939
38433
98237
40230
45921
13472
71624
70164
89707
41326
26524
53050
81807
85291
90581
11987
10857
63016
62639
95853
43053
20655
51663
47315
98021
10852
98621
33399
59291
07388
81381
37894
23213
01364
04874
05971
25900
21319
95954
26711
67862
92703
75137
39157
06648
88838
94268
93866
33699
83387
11729
03783
38280
31120
72332
31283
54187
34588
90458
02018
51471
80367
29363
28985
33903
97795
83582
55271
91092
39995
36592
46082
04056
21434
24111
84720
26038
64662
84173
62316
60971
01276
43084
71807
61262
62799
01974
89031
11520
19610
23720
07071
70250
86885
26569
87042
57538
57349
25601
22427
05136
20932
97991
47421
51295
70707
45288
20690
34742
11632
40428
55727
01569
61139
41428
47111
78651
39762
03735
56589
74576
13641
06268
36914
06879
20796
91503
47169
90547
45839
73092
64259
33513
10333
48757
94767
36910
74421
24910
93779
46682
86100
64856
86486
85574
41478
99127
90417
50050
22228
66821
30046
36311
80129
67118
79793
31008
28202
42908
26554
97535
80250
85584
29582
73624
76269
21619
62683
02833
75659
86141
63449
66616
33406
01211
84724
73568
80280
62173
46207
79389
94880
64011
33699
13170
58474
66972
35317
37664
04001
15715
01720
49597
48164
50582
73283
94590
85327
43158
78273
06543
75917
35542
27086
69210
34459
69410
83867
52052
63077
04719
04873
52553
73146
54793
22538
64175
40684
26941
31182
34675
87758
29709
15148
05142
74263
58612
80326
82826
05844
53669
84258
33624
67114
19254
13854
75339
25936
18122
20302
14124
94133
42964
09705
06826
55374
03914
01458
24743
63945
23612
70216
57534
64652
80485
12825
13938
35705
29341
95326
60172
04338
40177
92773
28981
74804
93916
24746
79304
12807
61003
74377
07816
67701
78683
31289
59986
90426
94967
68861
80462
27712
11529
19376
01342
67326
65849
61488
25365
79427
82287
02906
62923
88330
30494
58788
09620
66048
14112
27942
49590
96908
67468
29925
27531
23702
73640
90231
12825
85173
14245
34614
64689
13212
57836
67203
73623
93460
96664
64925
61225
03092
39654
03766
30397
74263
92212
23437
73617
25046
02108
41504
09398
97351
49452
94783
49545
07310
18007
24530
63925
15951
97310
85619
88388
39117
28232
20779
08788
64202
92946
83401
29602
51987
96638
63227
55271
96680
47754
07413
11051
19371
83532
40680
41625
03735
73258
68564
72816
33641
94852
69370
31760
55306
51956
99320
63899
57130
44729
32488
54812
55424
33604
47709
99597
64169
59322
48191
47439
79728
28546
43568
40536
82477
14361
16985
55763
61363
87337
85581
66950
90255
59968
97322
13876
09623
35661
50409
17787
28688
52533
44432
93278
96872
98025
34135
96153
51495
05780
28785
10177
27963
76290
70148
17509
57452
55966
90596
38684
63241
22509
32420
71574
08016
45745
03540
25662
48040
49122
22033
44825
31101
59076
50744
92179
78854
60206
48511
95170
20005
65834
41252
10516
05717
79385
76819
11720
91483
66680
99323
37096
77399
69394
25607
54103
41381
96011
04123
66577
06974
49142
26445
19930
95803
48043
34635
92418
72094
71075
90079
64946
70288
97935
76433
24528
63848
64362
20084
29374
74678
84229
27329
92446
90202
85849
32061
33599
78198
28442
17959
21545
54225
46261
95459
27071
25145
85605
69669
75468
53469
53918
50157
81231
18771
32929
61637
14096
26413
66170
52180
19317
50851
44881
89413
61324
62408
40358
08029
63943
69730
31562
69602
32277
79492
12173
83785
16810
59243
99134
16296
62186
60937
62656
01683
15734
10828
62927
54732
44093
16042
58264
09003
10755
09550
60444
29971
51531
60048
33290
05420
11836
83256
08471
43050
40996
61446
23883
65332
27294
92513
11572
01467
47357
68760
82407
16878
21178
04223
11831
81940
85825
05614
55511
46665
29414
19064
43925
07382
12563
56119
65655
77966
38125
96882
67934
64997
01245
28966
73246
91252
30810
88594
25181
09130
70283
58364
51255
20015
97024
96077
82531
76782
14187
80487
05499
03362
22369
30884
98324
55641
77472
18961
96617
86071
32972
45786
90114
20305
67956
02915
15894
60622
71132
60142
17951
83534
04442
17496
19936
27828
76911
04632
91289
53535
13586
90439
94677
09547
76696
55323
28170
38458
40124
09630
03318
81134
40587
70742
04953
23099
83545
56257
69085
68681
75738
91151
16210
75145
80814
29203
62860
49160
74504
64797
95105
82301
72929
57770
60561
65388
15669
03698
60206
60433
09192
34637
82682
21627
61718
51099
51078
58302
61079
84021
09556
68078
83493
46693
75495
42688
28746
94495
07563
38217
22053
01860
08250
68443
13780
28265
54657
49595
67900
08014
02883
72905
94079
52950
64946
35087
79010
24729
33486
15129
08495
19996
59101
54705
22335
71948
14037
35272
67885
88890
91377
47896
55233
39585
84000
02023
71053
43252
02006
61650
90555
99503
88131
96186
14983
69056
77767
72796
57905
41942
39499
39597
76984
18882
40610
51599
64028
76109
95183
87739
80216
53964
66717
70835
48345
54820
83384
82610
72352
74486
62998
92239
64825
08437
21487
43445
56839
81468
90079
66337
71296
03856
60534
78787
92149
01389
23868
86295
16818
05243
94717
65656
46171
23931
98472
56680
82025
15253
82841
25111
48996
08557
46342
79596
93128
95159
15913
48411
36141
51067
54550
71233
91131
45755
75265
09066
57477
60448
16687
43381
20628
94870
19666
65584
35537
49311
18156
73597
30549
66490
62037
35638
66069
83019
57062
06921
72102
53127
18962
20660
53224
60158
45695
86744
13604
90712
89367
60391
71826
65847
96439
96517
28835
13194
08907
83916
19853
71277
21974
44395
86144
65899
89498
41920
86466
60799
22648
52084
29455
33036
82862
13208
90278
76198
94081
36513
50689
75640
89449
37866
49127
95342
26211
40310
58171
28716
22887
36043
51435
53834
95755
67745
61281
37561
89579
65869
24132
16752
50347
58020
37249
22674
04316
12647
41308
40998
50830
63569
90429
41539
55393
60626
14864
26723
62009
96849
56304
72535
66051
59723
57959
26922
08989
10984
75288
55319
69694
19946
52920
29538
98791
98816
79001
83372
24192
35520
81319
89804
23622
79404
05873
08183
34595
74356
51915
99813
59687
68135
33406
25241
36151
65270
37232
28996
42943
98299
20594
17697
14832
89937
81670
86634
95304
31005
38410
17790
28344
34306
43392
73974
64936
62851
53992
56602
27369
10249
54395
09764
22872
54461
34009
43264
34011
67061
93432
08331
87166
29949
67562
91794
65594
08871
32690
15828
66796
96008
40269
05628
07859
76865
98359
45063
48148
48607
27189
58052
41435
38552
02264
97638
20291
14045
16748
43292
88383
73603
45247
43858
88838
17606
15099
91281
43946
34194
28296
99528
98241
41946
39131
26770
34162
29032
14796
77017
24574
06517
07582
52477
62273
72482
97074
01848
07048
35868
12025
14826
57658
44172
47990
74869
61700
47750
30434
24675
52630
18243
73151
12903
24649
46055
15367
79941
02339
52339
85490
23802
55508
17427
90811
50622
14629
70985
37639
33445
30073
04520
68905
08613
30241
98633
43363
20638
24226
63385
14796
94712
11701
89167
37561
14472
32304
38930
74727
40756
06737
92806
33391
13031
21434
65046
59695
69794
18088
50445
65698
99804
63047
47519
99109
70954
94579
42730
10798
54509
72351
46725
59917
71006
06393
68491
49792
67181
13272
27686
90411
30085
29999
61083
08392
87962
07256
86639
24121
80449
58940
62211
90400
24388
53229
11228
77486
98059
16668
48812
37592
93092
83320
74055
14954
98055
20646
68228
07781
81101
12068
78329
90518
60652
55534
02662
34630
87131
89792
15569
52538
35116
21157
34653
68810
21889
74138
57735
38013
73627
25701
24163
24694
76204
96422
44284
90434
09236
40935
26436
75112
78774
18735
72713
25586
46530
45396
70575
12298
25215
66195
23761
44385
96729
07332
78230
02564
89706
57438
42136
85535
44487
87841
82285
94946
83326
55400
54662
58693
79295
31716
62880
33391
05309
03337
20368
42939
10800
88874
36939
93094
92497
04193
07141
87998
37966
93531
64756
67734
53579
61865
99709
64896
47694
68982
68463
21262
09448
68592
52235
55691
96282
94450
75000
50516
16171
36579
67927
87170
92716
86061
21971
42367
81823
68904
73436
79332
83619
51913
12298
56033
56386
18816
06637
25827
32212
90576
84081
13533
71850
05546
12748
85082
63562
25851
39663
43183
64100
12938
46668
17696
93933
01549
22388
81027
28452
44658
77136
36945
96888
31793
46162
48689
01292
56182
05848
46569
50847
59460
46563
81502
14206
11190
26885
87285
15202
61339
69704
51579
37295
63745
71709
36081
36048
29244
51686
16296
42437
92060
95838
57238
65857
60056
62842
18140
79166
67514
28531
32939
81409
78393
20449
27026
32656
49035
09213
34900
58172
89913
58720
75872
05559
50393
38189
49157
12069
90411
98685
37767
51475
65007
50435
71385
18132
66277
17360
45572
72651
85960
08761
23806
94944
09932
13196
92842
52421
56023
89165
06778
35344
71591
51704
84831
14196
01970
27587
24214
13936
66156
38274
19315
90068
86004
73711
21623
37344
03564
31873
02734
70037
13864
70231
62659
93374
78943
34836
90628
56923
96257
60136
44821
11766
65178
23095
95523
16963
52687
47914
06068
54732
58205
87882
70785
20629
71629
13056
44183
18203
58554
78060
01476
20806
82431
73793
94358
50396
56834
76166
79543
27594
83309
29323
21122
17773
90164
76766
32122
95642
16512
59642
87425
54568
14548
89249
42802
56587
57132
96731
42734
91187
17751
38719
74050
71196
01296
66191
43495
95430
03637
93134
69499
91615
18831
02577
19702
08469
26472
73853
61989
94116
57095
25393
68258
70647
29784
51898
36108
06324
46004
60258
75596
16357
38638
29977
08586
15751
95139
29734
17168
04691
61425
39015
50512
07948
64665
66540
98715
08311
47393
29833
84561
42969
81823
16280
16543
64794
82440
62700
54797
64987
12655
48808
94543
18811
45530
09760
96812
57792
69928
10311
84261
05991
68783
56317
89805
48235
90251
25194
34310
49423
74752
54545
52697
55590
25637
96282
43299
24305
22127
97462
18435
58936
23064
36444
13931
18989
71298
92253
34049
24515
47931
38673
41246
86973
56831
63678
44279
29334
85470
31723
09284
33168
76221
03130
19450
03554
36989
98337
37743
28318
48569
44397
48552
68848
11514
65212
62575
70662
33099
63664
64084
23031
78930
49693
07040
33327
76561
51721
93724
99528
06598
31996
62326
14905
30848
35306
94461
59841
36642
82649
17216
30911
49977
31873
20075
10202
48750
65558
35581
55027
75346
53120
69854
84795
48195
46104
67460
86154
69815
92069
68206
31540
47084
66154
19111
44801
95425
54855
06413
56027
65363
14539
77294
94711
86883
81766
60335
27577
54028
26595
62868
70206
04071
27626
31381
84983
64858
91962
55776
44753
71751
88708
68369
41308
84305
64622
58659
96559
54484
86655
88333
13971
14069
26165
83902
47052
67179
35125
77319
24220
15201
02679
76676
35309
40496
20589
40608
46131
22934
66310
32584
03285
27852
75695
76141
27991
97851
75183
31440
41969
99409
47479
81378
91030
93775
30077
94626
48786
93581
35216
56689
09648
93192
89495
37980
60753
30013
06076
84039
73527
13661
89439
78007
74829
76695
50626
07313
47686
30305
34153
18792
97323
31733
25802
56205
96889
92349
07509
61480
12750
78179
94297
68975
62218
69086
79062
77848
28675
50153
27653
77365
89314
20099
84747
53432
12341
67753
44920
82672
17575
96000
82295
23987
98436
47153
75227
49657
99082
51393
81078
65743
67055
55039
64639
02368
65546
43643
17313
81238
26125
48708
90160
35000
39670
45346
91215
19567
98941
36612
98107
88435
25336
11896
73743
98085
64772
53268
39566
57550
88550
20122
38424
22752
55494
25661
26521
21042
83620
07250
27234
33822
40825
81332
61325
68446
45915
06747
68375
19062
35503
71151
49556
98772
66168
92572
74068
28517
29727
21579
38493
56345
55058
66796
74806
33636
11928
57993
60544
32089
23068
36381
48664
58691
36088
36126
82232
38947
20342
86429
88239
45452
63986
97325
40691
38798
98563
55923
30081
12601
94430
14199
79888
85509
12638
10144
95850
90448
35587
99047
73303
33007
81415
23579
80157
73398
61063
37169
68698
95396
89320
47821
49740
19756
52337
83070
63645
37393
34953
29776
59073
88501
02448
08495
90024
34025
78495
34684
60395
08003
31802
17678
79135
96908
53414
90196
79298
85987
89032
23750
75760
99577
80468
04911
72254
98730
47355
64161
33784
76264
48147
44770
87985
31386
68731
24904
21447
09360
19211
87805
58615
44605
64216
44498
77096
94289
78423
34347
98422
37511
40541
86646
58586
93018
47193
59361
81377
90840
10747
20078
97190
10126
16464
24427
76140
24701
88275
92176
65303
65394
35985
29212
80598
83257
31932
13669
36371
19548
74868
31247
12153
65699
20604
25215
20553
29530
64506
44449
49725
20744
18222
47034
53140
89402
24945
87074
56890
85332
12848
60149
53609
57984
67315
25501
12636
51435
97825
04176
75851
43029
18244
07452
36423
46139
91723
93150
52192
92120
76269
95198
84369
83971
09952
51740
66705
66221
43757
22640
25166
74772
59579
22508
49423
52697
92370
67809
38378
08666
30273
47633
05990
54653
53320
62700
67462
82503
74586
10693
60153
31371
80186
97198
34950
39891
13722
07636
96519
84085
47900
37493
13782
67765
76831
30839
75031
47904
58974
24653
48015
05559
01627
12170
55696
05764
95984
09190
64965
59774
21406
54314
21842
27858
71322
49414
82671
75545
63937
57254
21452
41829
64479
74285
04076
09342
75932
55311
33229
68864
89447
36020
54909
83853
35908
60157
44067
84937
41420
03223
35708
51203
77184
37327
22683
13025
38723
56146
46497
81569
44417
58615
80035
66237
88809
30591
39993
55822
28747
25364
88781
71600
22893
33442
96971
23547
29217
18254
17319
02149
87759
75222
90438
10664
26643
13301
93953
49504
99679
10236
88341
23105
69411
22449
05342
37375
81237
10661
53171
29703
89307
99010
46367
99288
70182
25671
12312
76313
12651
11048
12553
70946
08868
62089
76154
36882
42458
21187
45942
21390
04414
56658
99050
36222
11810
98920
81197
65370
96417
49241
31187
38344
87561
75340
81534
16204
59447
10756
28331
10786
97577
73184
41934
23078
69840
01683
54063
03220
77580
76336
79597
71322
47674
84368
72617
12458
30448
95670
72107
45003
08016
33190
68622
72946
29512
25199
95715
15203
40360
29804
33594
02103
30558
90058
81468
01139
04433
79247
17896
44281
73359
100000
33514
66408
42183
28279
57473
99551
62567
15042
92234
70365
17361
68675
66527
60016
73500
64717
90128
43482
17552
18109
47358
48024
83395
79924
28176
23612
14824
42398
86544
35470
26021
92240
23276
08864
90371
18856
07083
63380
84943
71973
85136
23024
99863
25527
43792
93167
08745
91780
31920
23204
97318
35316
86967
72540
58008
68180
84438
61881
11401
42890
88850
63116
56647
38493
50458
38084
07840
92012
24360
46806
61083
29328
13555
05736
19748
09185
80159
43823
46826
60548
70169
09938
53158
04201
67135
10471
97848
73124
60096
97059
85482
38223
92757
87506
71244
55449
77641
15872
97729
82943
34375
41980
28789
41778
39984
50794
03902
98215
43855
79811
12461
02047
24945
18183
14940
01636
01268
02922
51842
46370
78026
03882
16784
09398
67494
68122
60182
91203
11434
51171
18995
56036
08210
50756
25336
22957
61620
09745
58410
46341
30972
75430
69723
30902
74512
38489
06899
85849
22369
09699
02823
06980
69000
09594
40479
48071
13053
86446
92568
05123
18255
75940
20070
23640
59418
56668
28579
97071
45830
09384
23318
38658
33165
64720
23678
97705
36972
51960
72190
30461
74595
84202
77085
95102
53448
21832
88306
94511
72743
77973
26306
08183
43282
90263
22294
28210
65517
50435
18206
98406
73610
89676
65544
22152
42766
81032
26488
53437
94067
50582
18533
86879
55182
02951
34843
34161
91386
69328
15924
33888
74817
19045
02143
59726
08579
81753
92459
48229
35431
42479
70138
47360
78229
09173
99211
96358
74181
65626
75164
81772
68800
85290
32717
97943
09497
28987
08919
48624
16912
13601
86622
48928
32844
89460
67223
99910
64619
43398
83264
39808
76392
72296
83921
96839
77001
26143
27872
10430
30228
35168
74238
47453
93035
04606
85939
61996
47247
55289
77316
86357
67394
09595
28979
09941
05255
34086
88799
17540
21965
82032
45421
24705
22003
55288
12801
52043
38840
87491
77195
36679
54535
95978
33578
93708
06425
76020
67686
22924
24813
61727
74967
46808
69855
75144
23297
86951
39345
07978
41638
78564
37702
03587
25912
20408
90863
50860
79873
66461
42214
62500
34428
71961
44208
56462
16371
84752
99614
61004
02864
82409
98381
60554
89029
77530
72100
29563
90708
72069
88068
88426
29814
89597
22066
42852
64276
45465
20768
83992
14575
97353
78929
68208
12182
03578
37294
47012
94090
76527
62068
32947
43782
77783
56339
30310
87814
09509
03521
15934
15653
73991
38584
33069
70668
82222
52667
35339
52489
63336
07398
35390
20175
99503
90515
67332
30612
54353
67966
18460
22916
19033
46593
96353
69088
49295
59634
19688
23150
63226
98420
64096
49442
76695
03851
88348
06207
95159
76513
67014
11292
49880
97994
24042
30538
32165
77003
54244
23446
06953
25103
73550
56028
08992
92314
90432
72316
53334
13717
14329
71764
56652
20050
65907
52792
49665
72971
95593
64235
71649
29869
18265
61406
29273
35847
22527
10745
88141
40983
83848
22904
76870
26104
43548
62152
17012
19787
98720
40908
18647
09693
27393
77253
98099
08898
79229
23774
46044
66286
24867
29608
53205
88647
70731
16125
09189
50609
47013
01364
77090
29608
13095
33490
86112
94436
05558
32856
55000
19103
07900
83718
65379
63371
90090
21426
58079
07299
83068
91107
03615
25273
15872
52604
82478
44135
14309
31192
37881
60320
47556
96225
87096
71506
29132
65625
03948
88174
75993
71135
56424
16610
53343
92699
67968
17666
14662
10233
58983
32952
30519
59100
50916
81755
16061
66281
95703
82934
51980
64305
03185
95227
45533
68076
67401
79279
63797
49200
35475
99314
29425
94653
51217
44391
11358
41584
79528
83693
26000
64959
92494
96363
66127
91169
65465
92091
65539
91873
43603
83922
47237
04786
58527
74032
48639
09443
76553
73166
98005
66098
38533
45245
73500
54774
37165
08974
06151
41226
58200
41283
26980
05903
01415
96536
45348
45299
89458
45353
18889
97321
49921
41795
34177
41939
22998
40055
07083
78193
75217
75021
55742
24198
78446
82135
29567
97907
67957
24440
36413
55739
78753
90441
04920
37520
58747
24421
45374
21830
88052
17694
69265
72261
04054
48560
12870
19150
74621
59750
61621
22394
10698
78533
26502
33944
76120
74079
50883
78623
41751
79183
69220
56142
89990
43629
48730
53081
16767
93803
10468
67602
52278
38497
99402
28374
04303
09230
37749
36558
02690
72112
64906
21601
02708
66165
11752
45155
59961
76352
76093
31217
73430
14088
16365
25570
94810
64641
04655
88710
52637
19131
62999
94752
80507
54756
62131
86975
50490
77499
71580
97532
60425
31399
02925
92374
78461
37875
75508
93054
56136
19209
40767
33853
36819
48585
51004
92258
21662
79179
40275
16507
08335
58353
42761
61682
02626
03525
36275
37073
17006
81683
88097
62325
34535
60218
03071
98621
56649
67874
97164
45769
87826
74680
22298
95197
85178
73049
66522
26629
89899
91099
65225
86952
99357
68762
30174
14203
38885
37853
55843
97306
80892
87645
73164
07394
06582
66772
19259
81134
88459
93005
48367
77854
71108
76769
53758
10883
10701
12785
80518
16034
17511
67075
37375
05813
60797
10580
54059
32970
82426
91049
21253
29512
49413
88912
82023
75591
79013
22074
52347
02318
86625
59479
97946
82945
78109
30812
14809
20300
62108
72670
94483
45326
57510
75950
81966
36214
74215
40786
84610
61887
38998
05201
05833
17702
16995
10820
54684
63396
71020
06632
96327
68824
47305
13943
54164
77047
59859
82819
44161
63678
57054
30855
72302
84113
14043
84045
04194
85374
78484
18592
49062
01262
30249
15697
74303
39350
21963
13550
04047
33800
45023
88247
31431
45884
75929
52804
29669
35208
25530
43903
03030
20007
64571
78590
20830
90018
26517
26826
56986
20717
70349
73408
16421
65314
13621
29299
75365
75614
95991
80886
43912
24273
07533
17070
78335
08578
32689
77127
16014
71761
69268
09388
73149
05864
43496
96453
19781
49169
68586
32847
56809
26678
59105
67260
18033
66717
90060
09760
80459
94512
12722
25124
71339
30661
83244
19341
69491
99980
45673
45564
59141
91186
48595
94039
06747
38333
85643
48719
28282
39613
17729
47141
99689
79240
55256
85546
75115
91764
63921
44159
80615
01741
61336
35637
68169
99701
69864
59023
09008
60353
99621
12596
73191
18934
77772
36638
03936
49109
74810
99772
06666
65299
51850
07826
36342
37368
33088
66634
36661
32699
40279
16702
10083
44910
42086
85929
98537
83387
79305
73735
31173
10007
59714
51324
65362
32413
61213
16209
92281
01612
29643
64118
47713
82674
27307
45560
09122
79124
85040
95596
69535
71742
42757
40635
97389
83046
27329
93493
70749
89895
86103
84593
70877
64799
65555
65714
30019
24520
60243
15087
68756
52817
85873
80235
69436
16657
83600
15865
27500
09940
52202
58941
84681
01110
70727
20233
84140
94964
37432
19684
32747
78931
53248
81981
63272
55460
33161
09328
67375
41008
89809
95713
96592
08886
65923
45852
35535
52491
42719
94711
35949
52681
78325
36687
95600
51718
30525
62443
80633
77667
29919
22902
29281
77418
69754
87875
57758
41284
83500
74092
60624
94525
54158
41713
35759
15621
06484
98592
90364
49131
80851
52895
86617
88255
03975
07691
67728
23452
74875
16221
67251
36568
94973
42609
50916
75848
98379
66899
10449
38241
18080
98032
39570
55115
12558
13140
59550
77194
63418
10127
84969
31464
29831
34200
78366
48860
50449
41195
44878
32359
90400
75088
12871
85038
87011
60462
08820
91069
44392
89610
09175
18518
89021
80717
56010
23554
44188
05546
11348
87827
17551
21925
87791
30161
67329
34569
23742
59917
67881
02439
29121
93909
76921
71298
05637
48176
27013
55858
26163
83573
69404
66047
16585
36977
86122
82951
24417
11187
94786
89860
37883
28092
41008
61075
64035
34872
91803
66269
50611
12797
27265
35004
94761
16509
49084
57439
58680
18853
51942
76914
32677
52160
06088
73189
26630
32739
39132
03044
17330
96225
38767
75045
67535
75075
35974
75426
71548
55276
15617
58226
64720
41287
16267
02652
35368
71395
53709
54563
55601
36860
05187
83494
26612
65145
34889
05553
05381
15050
02195
62692
07761
91271
68996
42476
89413
56164
99094
83091
52143
67146
41480
28049
82948
35034
39873
11353
50350
13200
87100
62966
24147
49051
67294
55734
53555
63761
60763
83083
84272
82198
64088
20667
18231
15046
96595
26786
14088
47957
73067
82049
26347
88549
96319
85322
87013
70504
25455
71802
70222
16838
66599
77494
26895
68404
85308
11159
49247
04845
38987
98607
38691
64163
75372
69922
97431
21909
85035
62514
53309
81187
60466
01531
01093
96687
96286
65292
26100
83863
78371
23461
19965
14021
25539
35444
55348
48114
33592
75909
48206
31469
22808
38402
30734
23598
05849
95785
56440
31312
30773
98888
30453
10890
08469
03139
22380
18662
10046
78234
91502
07386
97721
44656
96897
19090
18823
03944
17874
43593
11228
32542
06464
20725
35328
79996
02217
21586
56622
64300
50545
39700
52005
93303
51693
83161
37673
62346
95305
13739
44987
44772
29798
50179
16025
31921
49218
17872
10396
90046
26329
64272
90261
45282
53431
10473
05987
59958
32440
36234
07851
65798
21129
46191
39591
88777
92616
93187
82247
24765
23942
10554
03029
69609
81589
23702
24437
13415
13042
04779
05920
82348
09502
63879
55991
80743
94134
39448
59920
76904
60382
77336
41741
47688
64274
88679
93855
22982
65021
49386
82976
34650
98507
85604
41733
44582
42287
80285
82294
43289
01463
07189
36865
12230
69813
85671
68357
87540
11303
61016
10248
97032
51754
52950
91494
43439
08183
56363
56618
61184
14966
78345
44319
03586
52621
74229
16105
78749
98986
36421
87384
03085
50105
49787
06085
01440
75100
12268
68223
26940
58332
22246
70412
46586
45552
35557
97584
79235
94859
72135
12195
64083
19775
91188
84120
27937
46668
93959
88935
41134
87332
86863
78362
39983
42575
77655
67509
33831
77634
88143
45621
85346
89646
15744
51666
09606
87892
33131
57562
11342
76473
51196
28024
90754
17246
99437
29698
50515
80232
99069
09133
51530
30336
23794
03794
95252
42922
89984
01774
41272
96584
71265
03156
42817
59168
06334
16482
07958
92648
51316
76561
50954
64954
76745
91329
39557
14281
46736
39829
11362
44334
52956
89975
06773
45879
14596
56382
25470
74010
43423
03100
27334
80572
54155
30002
57273
21530
13660
20546
16291
42793
46802
16109
73290
72906
39344
77150
02798
60067
59396
01746
80464
49721
87024
11789
53611
89088
58838
46241
58951
54912
70818
25079
58082
72417
15168
77519
59879
62009
35273
80606
23745
50033
56797
36833
96570
86462
15769
33556
06116
38278
63283
61591
21231
03378
08148
35180
10572
89540
51721
43842
56187
17745
11289
78286
04081
57068
73365
45312
35690
88486
54638
61020
48353
42459
10504
54379
58083
06470
62532
13136
58405
71968
72091
98059
81485
42604
86859
77335
52496
85226
56419
58715
25360
87382
37263
66657
46292
99772
62072
50271
59887
44957
75817
38849
19380
48314
92746
21977
68077
92530
91741
32354
77400
68776
22684
49504
47868
03628
31630
54699
52489
85015
88657
10725
65525
93809
90337
24557
06077
86591
93825
26529
85748
88555
84677
52465
43174
24877
48940
41620
65370
52897
93002
89152
25951
27079
28458
26866
79821
96976
73220
75332
72255
39149
55231
69858
95336
49600
04603
54077
26280
40882
54815
62762
79978
54379
81289
21400
09388
75007
08473
59229
38742
38142
70333
30549
16453
77790
54616
12328
20754
26471
83981
11826
70458
75526
29080
76771
35491
26119
69717
71067
15939
93167
68088
09098
44956
47879
13966
28296
28748
56054
37231
87422
24750
42804
67005
36976
72193
26782
73926
65742
22787
90459
54891
81413
93227
19315
60976
49815
46032
41531
53070
58532
75199
37464
62030
34659
34069
89055
03820
55177
74974
89176
92572
91424
41092
06035
83639
49578
55379
13882
01782
43897
17458
05442
36526
80265
66002
71055
08360
30308
80649
90385
70512
61895
07462
26186
06560
81297
83766
76021
35787
75643
92151
40395
66995
01476
49680
97324
73925
39031
69950
37985
44038
93349
74025
56416
25098
15846
74863
82853
53655
22791
32826
03800
72557
79163
33353
37770
17591
87547
28603
37504
79028
84565
07034
52522
40547
29643
51507
46317
95736
05136
79777
30610
24662
13016
58199
36896
43097
28456
82498
74741
66966
65456
24691
44479
28908
25313
36868
33452
41365
43671
76588
02418
15769
71031
59190
10191
13668
18901
89437
58067
72741
78995
98385
53895
20847
36509
10961
15471
21015
90773
16630
57393
32317
41620
26777
22705
90434
81376
81522
17648
33478
31495
16456
83493
28597
33565
80979
76532
78929
43973
42092
39048
87073
58031
03570
28353
84719
89969
60576
26288
80333
26959
13889
21600
04078
02742
13983
42923
59803
57951
27969
23247
90895
72421
97104
11576
73971
99694
92903
06450
78732
05310
46680
66906
45204
74270
68213
32125
60199
69100
42061
16031
58876
70948
91843
55534
36781
82076
20264
90852
98956
31312
78047
73321
67184
34843
29667
29496
63804
99617
76482
73151
71627
38305
83386
20249
92799
86005
68396
62547
06844
69582
56518
07546
17608
43817
15593
90576
37688
28621
75553
25845
98035
31221
93124
16126
77504
42951
92792
90144
64266
80323
87508
45502
58960
10906
52725
42835
34866
67702
96827
85474
01115
77770
21522
87420
72838
93221
87836
97242
57980
65975
29709
91904
97021
11110
62157
92392
52480
12612
89829
08291
45000
20001
69700
19259
02929
62978
53710
48979
08975
84394
43600
08769
11806
51167
97861
53536
59645
85400
91510
08151
37519
46810
33028
70151
43117
75636
97899
65206
43761
26517
11040
15591
76564
37768
56492
02034
38595
22363
76684
68025
42401
55365
99676
71053
24208
06123
88753
45472
01187
92728
88567
49999
17083
99684
75673
91727
04370
19289
71001
54975
56143
08687
49702
26449
94704
16541
30081
79149
33403
72959
12455
64462
83255
02269
39735
60724
37401
32366
32759
27215
78864
19210
46016
34151
65988
13094
72524
89822
68885
45102
54357
66805
64608
96006
30818
13380
35651
81688
40983
38197
55229
68151
59120
46632
27207
44982
01518
80744
13029
64340
57698
14606
65942
55911
92170
72694
03012
41827
40742
11962
33877
89001
83211
74431
38807
48054
97181
88148
14760
53456
90724
06753
42373
56792
99223
04825
98684
10384
24321
07747
23393
05094
71945
09836
87724
43848
62146
91306
07547
13249
69416
44390
91910
56068
27185
03634
90537
95537
31229
58585
07275
44309
44386
71879
99606
03318
02792
02947
58366
67194
85772
94275
25068
39094
09820
49350
40235
41716
41971
01204
58884
46896
71591
77773
84456
34279
66559
03720
51846
95241
78035
48570
33982
54890
81694
93133
15540
75869
09844
83552
13351
01912
52816
69320
64826
14823
40158
22497
97378
10520
82968
95140
88006
62915
98905
74681
30424
35093
74618
87009
43126
13647
01392
04726
55357
60393
38919
85791
88557
87355
03460
86853
33571
80736
83376
47222
04015
26717
55083
39950
80632
60432
20128
21804
36524
44604
19574
90761
77869
84706
40901
77788
45460
82765
98371
54872
70834
85550
83489
43131
10719
27071
30272
76913
64127
31913
39057
83042
86159
08481
32992
03250
73077
20098
93725
20076
11848
75781
79649
35995
18624
89829
23830
13338
62026
65733
18521
34650
23636
96468
40946
21276
39168
61247
56273
74564
50337
72590
11403
64494
13574
38110
54696
29324
80248
12579
78604
62854
40638
40463
68732
90424
63285
17475
75172
72003
58313
66150
41154
84052
13549
96142
65493
56056
67208
54370
88572
12455
45144
84500
95340
08597
62113
28454
93845
24944
20574
79054
99894
91966
68605
70170
47017
96533
91836
69507
44624
64953
87068
50503
48426
25106
59169
36059
15592
07675
47212
91896
04817
59304
36419
12632
60036
04568
18284
62631
96619
34877
19969
59348
63252
11894
09465
17613
07303
96872
82443
14469
73395
07031
40186
38946
38415
65193
68159
93811
74660
62478
66741
92312
21618
39860
27758
40443
49666
66442
70465
52645
01679
89334
78709
20357
96740
34377
37961
45281
84811
34876
44014
38668
58668
39397
75347
37197
66817
56178
48893
05351
84808
41264
89729
38838
63558
71451
24392
74987
83407
46783
33212
64322
98373
53010
08118
64748
66367
43152
28996
17117
96676
80549
67819
75621
72373
71871
36616
82053
55327
62881
63168
96445
39693
24058
30340
07416
63415
88845
42849
15297
52452
94949
30497
49108
68466
66510
93886
63166
46898
94234
46831
50005
33782
30046
30956
40170
23946
09419
64294
42087
20428
30391
84814
30936
54851
65858
72779
42919
88403
24992
22150
38678
67382
46596
95151
46789
07739
76052
74102
66316
29441
08568
37525
55050
22967
80598
88379
87640
41639
92980
78769
42796
99260
64910
85158
80754
33123
31642
26354
30669
89372
22382
40406
50288
48113
65970
21321
70469
12432
10484
47846
32821
39789
02247
84364
02481
55197
85691
09034
86829
02988
22271
64627
04525
61048
52825
19436
15307
59162
96751
89805
38405
74160
02323
51366
89022
12902
84778
62319
11251
81045
66518
57602
41901
44781
69727
05860
01625
80217
39121
64343
77679
07673
54855
35430
43735
96921
18698
62575
26638
13525
42251
11721
21984
22542
45955
38569
09121
73796
90209
36658
83310
86097
22477
29510
97495
45253
03466
01929
16466
57122
77132
31157
91871
36022
18800
58337
73626
92300
83285
71404
55981
80204
77289
12787
25947
62086
50098
48356
17901
41403
43852
93196
62472
58421
47336
60196
58379
89566
88983
83945
53029
78912
23681
51828
05820
32313
98140
59830
39343
59768
55150
23797
91365
78853
09696
11432
76286
79912
33228
93240
33712
21733
43051
04434
59409
42875
54074
86819
31216
52951
84211
07746
34804
86097
86163
95049
19870
04657
60969
85545
04318
88928
94080
20017
98659
09196
89586
22739
45368
11622
59321
36421
22485
46767
99804
87131
72043
63629
44673
78691
55102
49268
59595
74239
41842
22090
42725
71060
14140
62839
81510
19541
34526
69408
98595
77803
74198
85217
57612
96526
24602
78437
44613
17720
50506
79498
91671
07932
44532
12470
33508
21161
76472
20031
51345
23348
75162
44442
78084
30686
22609
94311
04131
33222
89679
08353
35105
28456
